# time  DeltaF
2500 20.213
5000 20.3299
7500 20.316
10000 20.3989
12500 20.3804
15000 20.4324
17500 19.8949
20000 19.0897
22500 18.1944
25000 17.3153
27500 16.5175
30000 15.7107
32500 14.9545
35000 14.2569
37500 13.5526
40000 12.898
42500 12.2676
45000 11.6901
47500 11.1068
50000 10.5156
52500 10.0015
55000 9.45842
57500 8.93861
60000 8.48204
62500 8.00208
65000 7.52416
67500 7.08716
70000 6.65036
72500 6.22997
75000 5.84078
77500 5.44356
80000 5.02704
82500 4.65182
85000 4.26153
87500 3.90023
90000 3.56132
92500 3.35921
95000 3.63643
97500 3.83092
100000 3.98831
102500 4.11517
105000 4.23453
107500 4.33842
110000 4.4313
112500 4.52043
115000 4.59223
117500 4.66366
120000 4.7386
122500 4.79738
125000 4.855
127500 4.90897
130000 4.9596
132500 5.00638
135000 5.05341
137500 5.09693
140000 5.14198
142500 5.18403
145000 5.21947
147500 5.25658
150000 5.29366
152500 5.3279
155000 5.36233
157500 5.39369
160000 5.42469
162500 5.45807
165000 5.48601
167500 5.51712
170000 5.54607
172500 5.57694
175000 5.60365
177500 5.63167
180000 5.6584
182500 5.68362
185000 5.70733
187500 5.73149
190000 5.75258
192500 5.77506
195000 5.79727
197500 5.81905
200000 5.83899
202500 5.85784
205000 5.87731
207500 5.898
210000 5.91774
212500 5.93598
215000 5.95544
217500 5.97383
220000 5.99099
222500 6.0086
225000 6.02798
227500 6.04599
230000 6.0626
232500 6.07983
235000 6.09588
237500 6.11253
240000 6.1288
242500 6.14426
245000 6.16009
247500 6.17525
250000 6.19054
252500 6.20586
255000 6.21929
257500 6.23345
260000 6.24671
262500 6.26078
265000 6.27516
267500 6.28837
270000 6.30183
272500 6.31496
275000 6.32775
277500 6.34064
280000 6.35346
282500 6.36624
285000 6.37904
287500 6.39164
290000 6.40301
292500 6.41528
295000 6.42657
297500 6.43849
300000 6.44982
302500 6.45995
305000 6.47238
307500 6.48295
310000 6.49435
312500 6.50538
315000 6.5161
317500 6.5264
320000 6.53677
322500 6.54624
325000 6.55659
327500 6.56754
330000 6.57731
332500 6.58753
335000 6.59718
337500 6.60742
340000 6.61756
342500 6.62713
345000 6.63664
347500 6.64575
350000 6.6543
352500 6.66404
355000 6.67302
357500 6.6814
360000 6.69054
362500 6.69902
365000 6.70842
367500 6.71643
370000 6.72475
372500 6.73295
375000 6.7411
377500 6.74919
380000 6.75772
382500 6.76612
385000 6.77363
387500 6.78211
390000 6.78963
392500 6.79784
395000 6.80501
397500 6.81281
400000 6.82083
402500 6.82831
405000 6.83542
407500 6.84288
410000 6.84989
412500 6.85688
415000 6.86449
417500 6.871
420000 6.87749
422500 6.88392
425000 6.89059
427500 6.89659
430000 6.90242
432500 6.90906
435000 6.91561
437500 6.92193
440000 6.92825
442500 6.93458
445000 6.94036
447500 6.94663
450000 6.95316
452500 6.95961
455000 6.96514
457500 6.9709
460000 6.97694
462500 6.98264
465000 6.98852
467500 6.99449
470000 7.00036
472500 7.00616
475000 7.01214
477500 7.01772
480000 7.02359
482500 7.02952
485000 7.02335
487500 7.01459
490000 7.00562
492500 6.99635
495000 6.98695
497500 6.97765
500000 6.96909
502500 6.9595
505000 6.95035
507500 6.94174
510000 6.93232
512500 6.9229
515000 6.91512
517500 6.90617
520000 6.89654
522500 6.8879
525000 6.87875
527500 6.86949
530000 6.85972
532500 6.85027
535000 6.84136
537500 6.83241
540000 6.82258
542500 6.81375
545000 6.80509
547500 6.79651
550000 6.788
552500 6.77955
555000 6.77054
557500 6.76118
560000 6.75218
562500 6.74325
565000 6.73428
567500 6.7261
570000 6.71763
572500 6.70898
575000 6.69955
577500 6.69058
580000 6.68105
582500 6.67243
585000 6.66415
587500 6.65567
590000 6.64727
592500 6.6387
595000 6.63039
597500 6.62153
600000 6.61269
602500 6.60423
605000 6.59502
607500 6.58571
610000 6.5767
612500 6.56756
615000 6.5583
617500 6.54908
620000 6.54029
622500 6.5315
625000 6.52257
627500 6.51431
630000 6.50562
632500 6.49663
635000 6.4879
637500 6.47952
640000 6.47067
642500 6.46227
645000 6.45303
647500 6.44417
650000 6.43556
652500 6.42708
655000 6.41843
657500 6.40932
660000 6.40107
662500 6.39236
665000 6.38398
667500 6.37546
670000 6.367
672500 6.35801
675000 6.34949
677500 6.34041
680000 6.33251
682500 6.32411
685000 6.31513
687500 6.30682
690000 6.2974
692500 6.28894
695000 6.28002
697500 6.27156
700000 6.2625
702500 6.25376
705000 6.24513
707500 6.23715
710000 6.22821
712500 6.21915
715000 6.20991
717500 6.20136
720000 6.19246
722500 6.18396
725000 6.17514
727500 6.16624
730000 6.15712
732500 6.14787
735000 6.13834
737500 6.12995
740000 6.12029
742500 6.11136
745000 6.10275
747500 6.09331
750000 6.08435
752500 6.07579
755000 6.06731
757500 6.05809
760000 6.04964
762500 6.04077
765000 6.03132
767500 6.02273
770000 6.01395
772500 6.00537
775000 5.9958
777500 5.98635
780000 5.9771
782500 5.96877
785000 5.96023
787500 5.95161
790000 5.94309
792500 5.93403
795000 5.92479
797500 5.91693
800000 5.90842
802500 5.9002
805000 5.89161
807500 5.88342
810000 5.87376
812500 5.86437
815000 5.8562
817500 5.84706
820000 5.83885
822500 5.83035
825000 5.82195
827500 5.81267
830000 5.80407
832500 5.79494
835000 5.78656
837500 5.77831
840000 5.76977
842500 5.76117
845000 5.75342
847500 5.74458
850000 5.73547
852500 5.72711
855000 5.71851
857500 5.70945
860000 5.69983
862500 5.69125
865000 5.68296
867500 5.67407
870000 5.66538
872500 5.6568
875000 5.64841
877500 5.63927
880000 5.63035
882500 5.62196
885000 5.61344
887500 5.60476
890000 5.59526
892500 5.58638
895000 5.57746
897500 5.56903
900000 5.56001
902500 5.5512
905000 5.54251
907500 5.53415
910000 5.52514
912500 5.51656
915000 5.5081
917500 5.49937
920000 5.49105
922500 5.48313
925000 5.47462
927500 5.46666
930000 5.45874
932500 5.45048
935000 5.442
937500 5.43369
940000 5.42534
942500 5.41681
945000 5.40815
947500 5.40074
950000 5.3921
952500 5.38413
955000 5.37546
957500 5.36672
960000 5.35796
962500 5.34932
965000 5.34033
967500 5.33158
970000 5.32381
972500 5.3156
975000 5.30766
977500 5.2991
980000 5.29013
982500 5.28209
985000 5.27396
987500 5.2659
990000 5.25696
992500 5.24831
995000 5.23926
997500 5.23064
1e+06 5.22181
