# time  DeltaF
2500 20.136
5000 14.1865
7500 9.63736
10000 6.05882
12500 3.37071
15000 1.26084
17500 0.0521467
20000 -0.642035
22500 -1.04591
25000 -1.32453
27500 -1.50567
30000 -1.14782
32500 -0.822346
35000 -0.525302
37500 -0.263701
40000 -0.0387617
42500 0.185933
45000 0.368619
47500 0.536611
50000 0.698299
52500 0.833123
55000 0.958398
57500 1.06544
60000 1.17096
62500 1.26717
65000 1.35121
67500 1.43913
70000 1.51291
72500 1.58213
75000 1.65019
77500 1.71321
80000 1.76924
82500 1.82282
85000 1.87288
87500 1.9192
90000 1.96347
92500 2.00543
95000 2.04596
97500 2.08379
100000 2.12173
102500 2.15777
105000 2.19145
107500 2.22528
110000 2.25752
112500 2.289
115000 2.31987
117500 2.35005
120000 2.37611
122500 2.40225
125000 2.42736
127500 2.44957
130000 2.474
132500 2.49786
135000 2.52215
137500 2.5442
140000 2.56584
142500 2.58765
145000 2.60787
147500 2.62932
150000 2.65015
152500 2.67054
155000 2.6918
157500 2.71183
160000 2.7307
162500 2.75044
165000 2.76831
167500 2.78625
170000 2.805
172500 2.82233
175000 2.83955
177500 2.85671
180000 2.87319
182500 2.88957
185000 2.90664
187500 2.92288
190000 2.93869
192500 2.95435
195000 2.96998
197500 2.98551
200000 3.00022
202500 3.01478
205000 3.02855
207500 3.04349
210000 3.05724
212500 3.07119
215000 3.08616
217500 3.10011
220000 3.11349
222500 3.1263
225000 3.13917
227500 3.15146
230000 3.1634
232500 3.17513
235000 3.18713
237500 3.19922
240000 3.21165
242500 3.22314
245000 3.23551
247500 3.24694
250000 3.25819
252500 3.26958
255000 3.28089
257500 3.29209
260000 3.30288
262500 3.31394
265000 3.32424
267500 3.33522
270000 3.34615
272500 3.35667
275000 3.36698
277500 3.37791
280000 3.38779
282500 3.3971
285000 3.40785
287500 3.41717
290000 3.42727
292500 3.43685
295000 3.44603
297500 3.45553
300000 3.46525
302500 3.47412
305000 3.48354
307500 3.49341
310000 3.50327
312500 3.51239
315000 3.52165
317500 3.53027
320000 3.53793
322500 3.54612
325000 3.55373
327500 3.56158
330000 3.56971
332500 3.57744
335000 3.58518
337500 3.59255
340000 3.5997
342500 3.60657
345000 3.61436
347500 3.6219
350000 3.62892
352500 3.63588
355000 3.64261
357500 3.64956
360000 3.65683
362500 3.66388
365000 3.67005
367500 3.67714
370000 3.68413
372500 3.69118
375000 3.69754
377500 3.70414
380000 3.71134
382500 3.71826
385000 3.72526
387500 3.7316
390000 3.73777
392500 3.74368
395000 3.74986
397500 3.75561
400000 3.76133
402500 3.76702
405000 3.77283
407500 3.77933
410000 3.78556
412500 3.79223
415000 3.79836
417500 3.80418
420000 3.81055
422500 3.81645
425000 3.82215
427500 3.82772
430000 3.83395
432500 3.83973
435000 3.84551
437500 3.85101
440000 3.85672
442500 3.86213
445000 3.86823
447500 3.87429
450000 3.87988
452500 3.88585
455000 3.89153
457500 3.89711
460000 3.90233
462500 3.90765
465000 3.91342
467500 3.91911
470000 3.92497
472500 3.93044
475000 3.93557
477500 3.94076
480000 3.94647
482500 3.95205
485000 3.95687
487500 3.96222
490000 3.96783
492500 3.97291
495000 3.97787
497500 3.98314
500000 3.98861
502500 3.9939
505000 3.99882
507500 4.00441
510000 4.00961
512500 4.0141
515000 4.01916
517500 4.02431
520000 4.02916
522500 4.03475
525000 4.03978
527500 4.04474
530000 4.04938
532500 4.05421
535000 4.05883
537500 4.06357
540000 4.06835
542500 4.07296
545000 4.07771
547500 4.08234
550000 4.08716
552500 4.09178
555000 4.09629
557500 4.10082
560000 4.10544
562500 4.11002
565000 4.11429
567500 4.11871
570000 4.12352
572500 4.12798
575000 4.13233
577500 4.13697
580000 4.14095
582500 4.14573
585000 4.15017
587500 4.1544
590000 4.15869
592500 4.16292
595000 4.16773
597500 4.17195
600000 4.17626
602500 4.18087
605000 4.18522
607500 4.18932
610000 4.19325
612500 4.19726
615000 4.20135
617500 4.20534
620000 4.2094
622500 4.2135
625000 4.21771
627500 4.22182
630000 4.22622
632500 4.23025
635000 4.23457
637500 4.23869
640000 4.24256
642500 4.24671
645000 4.25066
647500 4.25457
650000 4.25867
652500 4.26285
655000 4.26693
657500 4.2709
660000 4.27503
662500 4.27914
665000 4.28301
667500 4.28711
670000 4.29095
672500 4.29478
675000 4.29883
677500 4.30227
680000 4.3061
682500 4.3099
685000 4.31356
687500 4.31734
690000 4.32114
692500 4.32506
695000 4.32884
697500 4.33247
700000 4.33611
702500 4.33977
705000 4.34321
707500 4.34677
710000 4.35034
712500 4.35413
715000 4.35771
717500 4.3613
720000 4.36472
722500 4.36805
725000 4.37174
727500 4.37534
730000 4.37872
732500 4.38208
735000 4.3857
737500 4.3891
740000 4.39264
742500 4.39615
745000 4.39965
747500 4.40305
750000 4.4064
752500 4.4099
755000 4.41332
757500 4.41676
760000 4.42036
762500 4.42361
765000 4.42709
767500 4.43029
770000 4.43375
772500 4.4371
775000 4.44032
777500 4.44345
780000 4.44665
782500 4.4497
785000 4.4531
787500 4.45623
790000 4.45945
792500 4.46282
795000 4.4661
797500 4.46915
800000 4.47241
802500 4.47544
805000 4.47866
807500 4.48188
810000 4.48526
812500 4.48838
815000 4.49162
817500 4.4947
820000 4.49774
822500 4.50091
825000 4.50393
827500 4.50714
830000 4.51043
832500 4.51359
835000 4.51681
837500 4.51978
840000 4.52295
842500 4.52585
845000 4.52908
847500 4.53221
850000 4.53519
852500 4.53803
855000 4.54104
857500 4.54386
860000 4.54662
862500 4.54967
865000 4.55267
867500 4.55584
870000 4.55878
872500 4.56191
875000 4.56475
877500 4.56765
880000 4.57056
882500 4.57337
885000 4.57631
887500 4.57929
890000 4.58215
892500 4.58504
895000 4.58793
897500 4.591
900000 4.59401
902500 4.59683
905000 4.59952
907500 4.60216
910000 4.60488
912500 4.60763
915000 4.61065
917500 4.61382
920000 4.61655
922500 4.61934
925000 4.62201
927500 4.62466
930000 4.62748
932500 4.63019
935000 4.63295
937500 4.63566
940000 4.63836
942500 4.64092
945000 4.64364
947500 4.64619
950000 4.64891
952500 4.65161
955000 4.65462
957500 4.65743
960000 4.66015
962500 4.66269
965000 4.66521
967500 4.66774
970000 4.67029
972500 4.67293
975000 4.67573
977500 4.67833
980000 4.68085
982500 4.6836
985000 4.68616
987500 4.68873
990000 4.69131
992500 4.69406
995000 4.6965
997500 4.69911
1e+06 4.7017
