# time  DeltaF
2500 5.33448
5000 6.03689
7500 6.39583
10000 6.65187
12500 6.85249
15000 7.01946
17500 7.17471
20000 7.29608
22500 7.40893
25000 7.50122
27500 7.59734
30000 7.68043
32500 7.76007
35000 7.8282
37500 7.89522
40000 7.95808
42500 8.01475
45000 8.07305
47500 8.12934
50000 8.1794
52500 8.22987
55000 8.27673
57500 8.3213
60000 8.36948
62500 8.41157
65000 8.45089
67500 8.48653
70000 8.52465
72500 8.56605
75000 8.60098
77500 8.63559
80000 8.6697
82500 8.7001
85000 8.73081
87500 8.76109
90000 8.79021
92500 8.81932
95000 8.84931
97500 8.87392
100000 8.89964
102500 8.92376
105000 8.94716
107500 8.96863
110000 8.99075
112500 9.01122
115000 9.03205
117500 9.05247
120000 9.07393
122500 9.09448
125000 9.11387
127500 9.13277
130000 9.15167
132500 9.17205
135000 9.19138
137500 9.21027
140000 9.22839
142500 9.24666
145000 9.2652
147500 9.2807
150000 9.29589
152500 9.31233
155000 9.32725
157500 9.34389
160000 9.35975
162500 9.37436
165000 9.38798
167500 9.40266
170000 9.41627
172500 9.43097
175000 9.44433
177500 9.45784
180000 9.47154
182500 9.48497
185000 9.49847
187500 9.51085
190000 9.52432
192500 9.53649
195000 9.54928
197500 9.56114
200000 9.57329
202500 9.58464
205000 9.59684
207500 9.60829
210000 9.62016
212500 9.63161
215000 9.64265
217500 9.6536
220000 9.66457
222500 9.67624
225000 9.68817
227500 9.69973
230000 9.7106
232500 9.72145
235000 9.73177
237500 9.74175
240000 9.75156
242500 9.763
245000 9.77306
247500 9.78355
250000 9.79393
252500 9.80443
255000 9.8143
257500 9.8237
260000 9.83293
262500 9.84276
265000 9.85244
267500 9.86175
270000 9.87073
272500 9.8798
275000 9.88886
277500 9.89827
280000 9.90727
282500 9.9159
285000 9.92437
287500 9.93322
290000 9.94186
292500 9.95048
295000 9.95925
297500 9.96746
300000 9.97537
302500 9.98352
305000 9.99194
307500 10.0004
310000 10.0077
312500 10.0153
315000 10.0228
317500 10.0301
320000 10.037
322500 10.0445
325000 10.0519
327500 10.0587
330000 10.0658
332500 10.073
335000 10.08
337500 10.0864
340000 10.0933
342500 10.1
345000 10.1069
347500 10.113
350000 10.1194
352500 10.1263
355000 10.1329
357500 10.1391
360000 10.145
362500 10.151
365000 10.1582
367500 10.1647
370000 10.171
372500 10.177
375000 10.1833
377500 10.1892
380000 10.1956
382500 10.2015
385000 10.2073
387500 10.2134
390000 10.2192
392500 10.2253
395000 10.2318
397500 10.238
400000 10.2438
402500 10.2493
405000 10.2553
407500 10.2609
410000 10.2669
412500 10.2725
415000 10.2774
417500 10.2828
420000 10.2884
422500 10.2939
425000 10.2991
427500 10.3046
430000 10.3103
432500 10.3156
435000 10.3206
437500 10.326
440000 10.331
442500 10.3363
445000 10.3416
447500 10.3465
450000 10.352
452500 10.357
455000 10.3619
457500 10.3672
460000 10.3726
462500 10.3773
465000 10.3821
467500 10.3869
470000 10.392
472500 10.3969
475000 10.4022
477500 10.407
480000 10.4118
482500 10.4166
485000 10.4214
487500 10.4263
490000 10.4314
492500 10.4361
495000 10.4409
497500 10.4456
500000 10.45
502500 10.4547
505000 10.4592
507500 10.4638
510000 10.4683
512500 10.4729
515000 10.4769
517500 10.4815
520000 10.4861
522500 10.4909
525000 10.4949
527500 10.4992
530000 10.5033
532500 10.5077
535000 10.5123
537500 10.5164
540000 10.5208
542500 10.5252
545000 10.529
547500 10.533
550000 10.5368
552500 10.5408
555000 10.5452
557500 10.5491
560000 10.5531
562500 10.5572
565000 10.5612
567500 10.5652
570000 10.5692
572500 10.5734
575000 10.5773
577500 10.5811
580000 10.5851
582500 10.5893
585000 10.5932
587500 10.5974
590000 10.6013
592500 10.6056
595000 10.6095
597500 10.6131
600000 10.6169
602500 10.6207
605000 10.6247
607500 10.6286
610000 10.6326
612500 10.6363
615000 10.6403
617500 10.6439
620000 10.6477
622500 10.6514
625000 10.6552
627500 10.6591
630000 10.6629
632500 10.6664
635000 10.67
637500 10.6736
640000 10.6773
642500 10.6807
645000 10.6842
647500 10.6877
650000 10.6915
652500 10.695
655000 10.6984
657500 10.7018
660000 10.7053
662500 10.7088
665000 10.7122
667500 10.7156
670000 10.7192
672500 10.7228
675000 10.7265
677500 10.7304
680000 10.7338
682500 10.7371
685000 10.7404
687500 10.7434
690000 10.7421
692500 10.7391
695000 10.736
697500 10.7332
700000 10.7309
702500 10.7276
705000 10.7247
707500 10.7217
710000 10.7186
712500 10.7154
715000 10.7127
717500 10.7099
720000 10.7064
722500 10.7037
725000 10.7009
727500 10.6967
730000 10.6929
732500 10.6896
735000 10.6864
737500 10.6833
740000 10.6797
742500 10.6765
745000 10.6733
747500 10.6701
750000 10.6664
752500 10.6635
755000 10.6612
757500 10.6575
760000 10.6539
762500 10.6502
765000 10.6467
767500 10.6433
770000 10.6398
772500 10.6364
775000 10.6328
777500 10.6298
780000 10.6266
782500 10.6229
785000 10.6194
787500 10.6164
790000 10.6129
792500 10.6094
795000 10.6063
797500 10.6032
800000 10.6001
802500 10.5966
805000 10.5933
807500 10.5896
810000 10.5864
812500 10.5829
815000 10.5796
817500 10.5756
820000 10.5719
822500 10.5682
825000 10.5645
827500 10.5603
830000 10.5567
832500 10.5526
835000 10.5484
837500 10.5447
840000 10.5411
842500 10.5374
845000 10.5342
847500 10.5308
850000 10.5269
852500 10.5232
855000 10.5193
857500 10.5151
860000 10.5108
862500 10.5058
865000 10.5019
867500 10.4977
870000 10.4938
872500 10.4902
875000 10.4863
877500 10.482
880000 10.4776
882500 10.4737
885000 10.4691
887500 10.4647
890000 10.4609
892500 10.4565
895000 10.4521
897500 10.4472
900000 10.442
902500 10.4373
905000 10.4332
907500 10.4281
910000 10.4244
912500 10.4198
915000 10.4159
917500 10.411
920000 10.4069
922500 10.4026
925000 10.3977
927500 10.3924
930000 10.388
932500 10.3835
935000 10.3789
937500 10.374
940000 10.3692
942500 10.365
945000 10.3598
947500 10.3545
950000 10.3497
952500 10.3453
955000 10.3405
957500 10.3356
960000 10.3306
962500 10.326
965000 10.3209
967500 10.3159
970000 10.3104
972500 10.3057
975000 10.3003
977500 10.2952
980000 10.2896
982500 10.2835
985000 10.2785
987500 10.2728
990000 10.2674
992500 10.261
995000 10.2551
997500 10.2495
1e+06 10.2445
