# time  DeltaF
2500 -2.78204
5000 14.356
7500 21.2747
10000 22.1877
12500 13.23
15000 5.71465
17500 0.998488
20000 2.42481
22500 6.1214
25000 8.96978
27500 11.2211
30000 13.0799
32500 14.8771
35000 16.2546
37500 17.4991
40000 18.5101
42500 19.4346
45000 19.6125
47500 16.1887
50000 13.4983
52500 11.1589
55000 9.20412
57500 7.43984
60000 5.94731
62500 4.61332
65000 3.40267
67500 2.34683
70000 1.38063
72500 0.527004
75000 -0.376366
77500 -1.16646
80000 -0.203799
82500 1.14982
85000 2.23499
87500 3.0677
90000 3.96948
92500 4.82101
95000 5.52215
97500 6.24882
100000 6.93559
102500 7.59307
105000 8.18001
107500 8.69237
110000 9.366
112500 9.84655
115000 10.2707
117500 10.7172
120000 11.2477
122500 11.7642
125000 12.1714
127500 12.7035
130000 13.1632
132500 13.5277
135000 13.7798
137500 14.2095
140000 14.447
142500 14.8114
145000 15.1566
147500 15.4431
150000 15.7503
152500 16.0862
155000 16.3488
157500 16.6592
160000 17.039
162500 16.4047
165000 15.4033
167500 14.507
170000 13.6379
172500 12.9411
175000 12.2342
177500 11.5891
180000 10.9472
182500 10.3722
185000 9.77729
187500 9.2734
190000 8.65898
192500 8.2161
195000 7.6792
197500 7.26613
200000 6.78692
202500 6.27948
205000 5.84717
207500 5.42418
210000 5.03139
212500 4.65299
215000 4.28609
217500 3.93766
220000 3.60254
222500 3.23842
225000 2.88415
227500 2.54864
230000 2.21476
232500 1.90077
235000 1.5821
237500 1.27395
240000 0.984322
242500 0.658824
245000 0.929249
247500 1.39643
250000 1.80501
252500 2.19716
255000 2.56193
257500 2.8699
260000 3.22728
262500 3.47961
265000 3.75988
267500 4.02744
270000 4.24957
272500 4.50399
275000 4.78555
277500 5.03839
280000 5.28984
282500 5.53531
285000 5.77213
287500 6.01076
290000 6.23606
292500 6.44619
295000 6.65255
297500 6.87963
300000 7.09005
302500 7.29955
305000 7.49669
307500 7.70703
310000 7.88203
312500 8.07722
315000 8.27145
317500 8.4518
320000 8.62609
322500 8.81688
325000 8.98351
327500 9.17067
330000 9.34177
332500 9.5296
335000 9.69118
337500 9.85271
340000 10.0212
342500 10.2498
345000 10.337
347500 10.4912
350000 10.648
352500 10.8163
355000 10.9672
357500 11.128
360000 11.2742
362500 11.4149
365000 11.5674
367500 11.702
370000 11.8535
372500 11.9909
375000 12.1235
377500 12.2541
380000 12.3923
382500 12.5155
385000 12.6412
387500 12.778
390000 12.9087
392500 13.0397
395000 13.1684
397500 13.2879
400000 13.4284
402500 13.5526
405000 13.6685
407500 13.7877
410000 13.9064
412500 14.02
415000 14.1359
417500 14.2416
420000 14.3602
422500 14.4706
425000 14.5836
427500 14.7015
430000 14.8084
432500 15.0359
435000 15.1335
437500 15.2271
440000 15.2288
442500 15.3198
445000 15.4244
447500 15.5393
450000 15.6348
452500 15.3335
455000 14.9261
457500 14.6168
460000 14.2449
462500 13.9677
465000 13.6193
467500 13.353
470000 13.0484
472500 12.6869
475000 12.5124
477500 12.2793
480000 12.0573
482500 11.7515
485000 11.5566
487500 11.2805
490000 11.0329
492500 10.8702
495000 10.6509
497500 10.3659
500000 10.2226
502500 9.92485
505000 9.72344
507500 9.5222
510000 9.37573
512500 9.10672
515000 8.90503
517500 8.72008
520000 8.57418
522500 8.33024
525000 8.19008
527500 8.0012
530000 7.8194
532500 7.63229
535000 7.45265
537500 7.24223
540000 7.10029
542500 6.91927
545000 6.7464
547500 6.57853
550000 6.42662
552500 6.24131
555000 6.07959
557500 5.91865
560000 5.77048
562500 5.62479
565000 5.46855
567500 5.3167
570000 5.1653
572500 5.01389
575000 4.86168
577500 4.71418
580000 4.57059
582500 4.41369
585000 4.27657
587500 4.15294
590000 4.04282
592500 3.91172
595000 3.77185
597500 3.63811
600000 3.48198
602500 3.34689
605000 3.22133
607500 3.08574
610000 2.95195
612500 2.82803
615000 2.70885
617500 2.59485
620000 2.46507
622500 2.3451
625000 2.23279
627500 2.11364
630000 2.01014
632500 1.88382
635000 1.77588
637500 1.66861
640000 1.56306
642500 1.46131
645000 1.36175
647500 1.25292
650000 1.12832
652500 1.02582
655000 0.924199
657500 0.817174
660000 0.730066
662500 0.634213
665000 0.537664
667500 0.442027
670000 0.354522
672500 0.403153
675000 0.565337
677500 0.737407
680000 0.899013
682500 1.05005
685000 1.20535
687500 1.34279
690000 1.48383
692500 1.63321
695000 1.76745
697500 1.90558
700000 2.03559
702500 2.17607
705000 2.29731
707500 2.42153
710000 2.55481
712500 2.67067
715000 2.78478
717500 2.91565
720000 3.03103
722500 3.14568
725000 3.25166
727500 3.36312
730000 3.47693
732500 3.58855
735000 3.6946
737500 3.80209
740000 3.92185
742500 4.01872
745000 4.12798
747500 4.24113
750000 4.34515
752500 4.44688
755000 4.55357
757500 4.67053
760000 4.7539
762500 4.85468
765000 4.95981
767500 5.05449
770000 5.14634
772500 5.23207
775000 5.32573
777500 5.41852
780000 5.50896
782500 5.59616
785000 5.68614
787500 5.78023
790000 5.84401
792500 5.95914
795000 6.09153
797500 6.1903
800000 6.26134
802500 6.34278
805000 6.43201
807500 6.49569
810000 6.5587
812500 6.68512
815000 6.72225
817500 6.82337
820000 6.89733
822500 6.99605
825000 7.10491
827500 7.19557
830000 7.26605
832500 7.34429
835000 7.38168
837500 7.45308
840000 7.53544
842500 7.60987
845000 7.72782
847500 7.75494
850000 7.83351
852500 7.90712
855000 8.04536
857500 8.08128
860000 8.20003
862500 8.26271
865000 8.28917
867500 8.35961
870000 8.43047
872500 8.50099
875000 8.53249
877500 8.63328
880000 8.68258
882500 8.74777
885000 8.82149
887500 8.93142
890000 8.99853
892500 9.07173
895000 9.14711
897500 9.24348
900000 9.32768
902500 9.36203
905000 9.37978
907500 9.48845
910000 9.59101
912500 9.67407
915000 9.65636
917500 9.73396
920000 9.87077
922500 9.91901
925000 9.92261
927500 9.98108
930000 10.0617
932500 10.1272
935000 10.1785
937500 10.2602
940000 10.3683
942500 10.4248
945000 10.4943
947500 10.412
950000 10.5093
952500 10.6129
955000 10.6249
957500 10.7279
960000 10.7903
962500 10.8444
965000 10.8256
967500 10.9722
970000 10.9709
972500 11.096
975000 11.0973
977500 11.2171
980000 11.2136
982500 11.2663
985000 11.323
987500 11.3962
990000 11.486
992500 11.5362
995000 11.5167
997500 11.5664
1e+06 11.6223
