# time  av_DeltaF  std_DeltaF
2500 17.7294 5.59351
5000 16.1702 6.49633
7500 14.3234 6.79211
10000 12.7438 7.04467
12500 11.4185 7.2198
15000 10.3175 7.35111
17500 9.38678 7.37385
20000 8.65918 7.19775
22500 7.99976 7.06683
25000 7.3851 6.87349
27500 6.8131 6.7015
30000 6.31051 6.50984
32500 5.87753 6.32297
35000 5.50032 6.14863
37500 5.2164 5.94617
40000 4.99758 5.73819
42500 4.8211 5.5245
45000 4.65485 5.33147
47500 4.52913 5.12881
50000 4.41462 4.93187
52500 4.30277 4.744
55000 4.21669 4.56445
57500 4.14993 4.36662
60000 4.09209 4.17911
62500 4.03028 4.00631
65000 3.97089 3.84968
67500 3.91563 3.70558
70000 3.8642 3.56244
72500 3.82859 3.41302
75000 3.78957 3.27326
77500 3.75068 3.15027
80000 3.74021 3.0094
82500 3.73426 2.86385
85000 3.7219 2.73003
87500 3.70915 2.61
90000 3.69491 2.49826
92500 3.68166 2.39546
95000 3.68776 2.29723
97500 3.68799 2.20852
100000 3.68352 2.12448
102500 3.67933 2.05201
105000 3.67106 1.98443
107500 3.66282 1.9258
110000 3.65596 1.87489
112500 3.64701 1.83103
115000 3.63678 1.79302
117500 3.62772 1.76251
120000 3.61528 1.73879
122500 3.60336 1.72106
125000 3.59197 1.71041
127500 3.58073 1.703
130000 3.5701 1.70351
132500 3.56076 1.7057
135000 3.55137 1.71138
137500 3.54133 1.72201
140000 3.533 1.73585
142500 3.52465 1.7528
145000 3.51599 1.77148
147500 3.50952 1.79093
150000 3.50176 1.8116
152500 3.49395 1.83428
155000 3.48664 1.85755
157500 3.48414 1.87877
160000 3.49325 1.89269
162500 3.50088 1.90601
165000 3.52312 1.89024
167500 3.54683 1.87494
170000 3.56865 1.86218
172500 3.58937 1.85257
175000 3.60892 1.84484
177500 3.62713 1.83948
180000 3.6445 1.83614
182500 3.66135 1.83366
185000 3.67735 1.83272
187500 3.69275 1.83367
190000 3.70828 1.83429
192500 3.72831 1.82808
195000 3.754 1.81366
197500 3.77801 1.80155
200000 3.79985 1.79163
202500 3.82114 1.78238
205000 3.84208 1.77387
207500 3.86243 1.76602
210000 3.88152 1.75945
212500 3.90068 1.75297
215000 3.91909 1.74703
217500 3.93653 1.74184
220000 3.95378 1.73666
222500 3.97062 1.7322
225000 3.98709 1.72814
227500 4.00298 1.72466
230000 4.01861 1.72116
232500 4.03363 1.71808
235000 4.04835 1.71558
237500 4.06271 1.71291
240000 4.0769 1.71047
242500 4.0909 1.70848
245000 4.10481 1.70637
247500 4.11825 1.70448
250000 4.13133 1.70314
252500 4.14437 1.70177
255000 4.15697 1.70032
257500 4.16943 1.69908
260000 4.18126 1.69826
262500 4.19293 1.69759
265000 4.20491 1.69683
267500 4.21639 1.69608
270000 4.22796 1.69534
272500 4.239 1.69499
275000 4.24992 1.69481
277500 4.26074 1.69467
280000 4.27134 1.69474
282500 4.28177 1.69483
285000 4.29218 1.69482
287500 4.30214 1.69534
290000 4.31201 1.69569
292500 4.32176 1.69609
295000 4.33143 1.69648
297500 4.34088 1.69711
300000 4.35017 1.69759
302500 4.35932 1.69799
305000 4.36854 1.69881
307500 4.37746 1.69952
310000 4.38643 1.70013
312500 4.39504 1.701
315000 4.40387 1.70175
317500 4.41352 1.70087
320000 4.42343 1.69896
322500 4.4327 1.69689
325000 4.44155 1.69504
327500 4.44994 1.69323
330000 4.45816 1.69137
332500 4.46638 1.68962
335000 4.4746 1.68787
337500 4.48242 1.68627
340000 4.49027 1.68472
342500 4.49806 1.68328
345000 4.50575 1.68188
347500 4.5132 1.68044
350000 4.5206 1.67914
352500 4.52786 1.67798
355000 4.53507 1.67681
357500 4.54226 1.67567
360000 4.54921 1.67466
362500 4.55613 1.67356
365000 4.563 1.67285
367500 4.56986 1.6719
370000 4.57663 1.67106
372500 4.58322 1.6702
375000 4.58982 1.6694
377500 4.59639 1.66868
380000 4.60311 1.66794
382500 4.60958 1.66721
385000 4.61597 1.66648
387500 4.62229 1.66586
390000 4.62853 1.66535
392500 4.63472 1.6649
395000 4.64097 1.66437
397500 4.6471 1.66395
400000 4.65314 1.66345
402500 4.65906 1.66305
405000 4.66507 1.6626
407500 4.67093 1.6622
410000 4.67676 1.66187
412500 4.68246 1.66152
415000 4.6881 1.66118
417500 4.69361 1.66092
420000 4.69926 1.66052
422500 4.70441 1.66045
425000 4.70926 1.66062
427500 4.71411 1.6609
430000 4.71886 1.66118
432500 4.72351 1.66154
435000 4.72814 1.66182
437500 4.73266 1.66222
440000 4.73717 1.66259
442500 4.74177 1.6631
445000 4.74625 1.66351
447500 4.75063 1.664
450000 4.75502 1.66458
452500 4.75953 1.66504
455000 4.76375 1.66559
457500 4.76808 1.66613
460000 4.77236 1.66671
462500 4.77658 1.66723
465000 4.78073 1.66786
467500 4.78483 1.66849
470000 4.78889 1.66922
472500 4.79298 1.66993
475000 4.79697 1.67072
477500 4.80098 1.6715
480000 4.80493 1.67232
482500 4.80892 1.67313
485000 4.81225 1.67335
487500 4.81559 1.67344
490000 4.81899 1.67354
492500 4.82214 1.67362
495000 4.82538 1.67372
497500 4.82863 1.67379
500000 4.83182 1.6739
502500 4.83497 1.67401
505000 4.83807 1.67415
507500 4.84118 1.6744
510000 4.84432 1.6745
512500 4.84727 1.67475
515000 4.85038 1.675
517500 4.8534 1.67525
520000 4.85636 1.67557
522500 4.85931 1.67591
525000 4.86218 1.67617
527500 4.86514 1.67639
530000 4.86792 1.6766
532500 4.87079 1.6769
535000 4.87367 1.67727
537500 4.87649 1.67766
540000 4.87927 1.67806
542500 4.88193 1.67857
545000 4.88468 1.67892
547500 4.88739 1.67938
550000 4.89003 1.67987
552500 4.89264 1.6804
555000 4.89534 1.68097
557500 4.89784 1.68146
560000 4.9004 1.68208
562500 4.90304 1.68272
565000 4.90555 1.68335
567500 4.90807 1.684
570000 4.91051 1.68468
572500 4.91301 1.68534
575000 4.9154 1.68597
577500 4.91773 1.6867
580000 4.92016 1.68734
582500 4.92266 1.68801
585000 4.92506 1.68879
587500 4.92752 1.68956
590000 4.93031 1.68988
592500 4.93339 1.68992
595000 4.93644 1.68999
597500 4.93948 1.69004
600000 4.94249 1.69014
602500 4.94555 1.69014
605000 4.94848 1.69024
607500 4.95138 1.69039
610000 4.95435 1.69045
612500 4.95725 1.69056
615000 4.96006 1.69078
617500 4.96294 1.69084
620000 4.96579 1.691
622500 4.96879 1.69104
625000 4.97164 1.69121
627500 4.97452 1.6914
630000 4.97738 1.69161
632500 4.98014 1.6918
635000 4.98296 1.69197
637500 4.98568 1.69223
640000 4.98843 1.69244
642500 4.9909 1.69286
645000 4.99317 1.69329
647500 4.99549 1.69375
650000 4.99774 1.69428
652500 5.00005 1.69475
655000 5.00225 1.69529
657500 5.00445 1.69581
660000 5.00668 1.69643
662500 5.00884 1.697
665000 5.01095 1.69766
667500 5.01321 1.6982
670000 5.01532 1.69889
672500 5.01753 1.69947
675000 5.01969 1.70022
677500 5.02126 1.70082
680000 5.0229 1.70139
682500 5.02441 1.70202
685000 5.02586 1.70259
687500 5.02743 1.70307
690000 5.02818 1.70066
692500 5.02863 1.6975
695000 5.029 1.69434
697500 5.02959 1.69162
700000 5.0308 1.68866
702500 5.03179 1.68492
705000 5.03294 1.68175
707500 5.03413 1.67851
710000 5.03531 1.67514
712500 5.0364 1.67189
715000 5.03765 1.66904
717500 5.03896 1.66629
720000 5.04005 1.66294
722500 5.04112 1.66059
725000 5.04194 1.65825
727500 5.04247 1.65483
730000 5.04304 1.652
732500 5.0438 1.64941
735000 5.04454 1.6471
737500 5.04533 1.64499
740000 5.04597 1.64247
742500 5.04679 1.64038
745000 5.0476 1.63824
747500 5.04842 1.63623
750000 5.04912 1.63388
752500 5.05001 1.6321
755000 5.05101 1.63085
757500 5.05176 1.62872
760000 5.05252 1.62682
762500 5.05323 1.62468
765000 5.05397 1.62291
767500 5.05472 1.62131
770000 5.05553 1.61958
772500 5.05587 1.61823
775000 5.05602 1.61703
777500 5.05642 1.61595
780000 5.0567 1.61488
782500 5.05693 1.61375
785000 5.05721 1.61271
787500 5.05758 1.61193
790000 5.05793 1.611
792500 5.05828 1.61017
795000 5.05863 1.60935
797500 5.05896 1.60868
800000 5.05931 1.60798
802500 5.05959 1.60724
805000 5.05993 1.60672
807500 5.06028 1.60599
810000 5.06059 1.60541
812500 5.06088 1.60488
815000 5.06124 1.6043
817500 5.06147 1.60347
820000 5.06181 1.60298
822500 5.0621 1.60239
825000 5.06238 1.60191
827500 5.06253 1.60119
830000 5.06282 1.6008
832500 5.06297 1.60027
835000 5.06315 1.59963
837500 5.06343 1.59926
840000 5.06368 1.59895
842500 5.06388 1.59856
845000 5.06471 1.59835
847500 5.06548 1.59825
850000 5.06614 1.59799
852500 5.0668 1.59759
855000 5.06749 1.59732
857500 5.06812 1.59699
860000 5.06865 1.59663
862500 5.06919 1.59597
865000 5.06987 1.59574
867500 5.07052 1.59551
870000 5.07122 1.59541
872500 5.07188 1.59542
875000 5.07255 1.59522
877500 5.07317 1.59509
880000 5.07373 1.59494
882500 5.07445 1.59498
885000 5.07507 1.59482
887500 5.07573 1.59488
890000 5.07628 1.59512
892500 5.07685 1.59518
895000 5.0774 1.59524
897500 5.07805 1.59495
900000 5.07928 1.59375
902500 5.08058 1.59279
905000 5.08181 1.59184
907500 5.08305 1.59076
910000 5.08433 1.59001
912500 5.08554 1.58914
915000 5.08684 1.58838
917500 5.08803 1.58743
920000 5.08929 1.58668
922500 5.09036 1.58582
925000 5.09123 1.58479
927500 5.09205 1.5837
930000 5.093 1.58296
932500 5.0939 1.5822
935000 5.09477 1.58144
937500 5.09566 1.58057
940000 5.0966 1.57975
942500 5.0975 1.57914
945000 5.09828 1.57823
947500 5.09921 1.57742
950000 5.10003 1.57672
952500 5.10097 1.57609
955000 5.10183 1.57534
957500 5.10262 1.57463
960000 5.10348 1.57395
962500 5.10428 1.57339
965000 5.10507 1.57264
967500 5.10593 1.572
970000 5.10695 1.57096
972500 5.10816 1.56994
975000 5.10937 1.56885
977500 5.1106 1.56783
980000 5.11173 1.56663
982500 5.11289 1.56533
985000 5.11415 1.56424
987500 5.1153 1.56327
990000 5.11629 1.56229
992500 5.11703 1.5612
995000 5.11781 1.56011
997500 5.11868 1.55917
1e+06 5.1195 1.55839
