# time  av_DeltaF  std_DeltaF
2500 18.5394 5.9917
5000 16.5655 6.81806
7500 14.504 7.05176
10000 12.8578 7.29444
12500 11.4972 7.45445
15000 10.3655 7.56346
17500 9.39179 7.54459
20000 8.63597 7.34755
22500 7.93745 7.16088
25000 7.29675 6.93409
27500 6.71164 6.73494
30000 6.19709 6.53014
32500 5.75935 6.33595
35000 5.38064 6.15599
37500 5.09544 5.95056
40000 4.87734 5.74022
42500 4.70056 5.52609
45000 4.53461 5.331
47500 4.40872 5.12856
50000 4.29347 4.93245
52500 4.18055 4.74454
55000 4.09243 4.56638
57500 4.02331 4.37044
60000 3.96441 4.18359
62500 3.90302 4.01027
65000 3.84382 3.85241
67500 3.78919 3.70654
70000 3.73763 3.56232
72500 3.70111 3.41353
75000 3.66182 3.27337
77500 3.62332 3.14919
80000 3.61187 3.00853
82500 3.60553 2.86301
85000 3.5936 2.72794
87500 3.58118 2.6071
90000 3.56723 2.49411
92500 3.554 2.39011
95000 3.55999 2.29039
97500 3.56061 2.2003
100000 3.55665 2.11481
102500 3.55287 2.04082
105000 3.54514 1.97194
107500 3.53715 1.91214
110000 3.53059 1.86029
112500 3.52176 1.81554
115000 3.51165 1.77638
117500 3.5028 1.74509
120000 3.4904 1.72076
122500 3.47882 1.70274
125000 3.46785 1.69171
127500 3.45683 1.68377
130000 3.44662 1.68389
132500 3.43766 1.68593
135000 3.42859 1.6913
137500 3.41889 1.70179
140000 3.41074 1.71524
142500 3.40268 1.732
145000 3.39433 1.75053
147500 3.38814 1.76992
150000 3.38086 1.7904
152500 3.37355 1.81289
155000 3.36672 1.83598
157500 3.36444 1.85715
160000 3.37379 1.8707
162500 3.38198 1.88373
165000 3.4037 1.86946
167500 3.42707 1.85517
170000 3.44888 1.84287
172500 3.46959 1.83346
175000 3.48936 1.82558
177500 3.50803 1.81972
180000 3.52594 1.81577
182500 3.54328 1.8127
185000 3.55973 1.81124
187500 3.57547 1.81182
190000 3.59138 1.81199
192500 3.61141 1.80587
195000 3.63699 1.79163
197500 3.66111 1.77939
200000 3.68318 1.76915
202500 3.70466 1.75972
205000 3.72585 1.75092
207500 3.74637 1.74275
210000 3.76575 1.73579
212500 3.78509 1.7289
215000 3.8038 1.72257
217500 3.82142 1.71713
220000 3.8389 1.71163
222500 3.85598 1.70684
225000 3.87268 1.70249
227500 3.88875 1.69872
230000 3.90448 1.695
232500 3.91967 1.69169
235000 3.93459 1.68891
237500 3.94909 1.68601
240000 3.96332 1.68341
242500 3.97742 1.68126
245000 3.99142 1.67895
247500 4.00496 1.6769
250000 4.01813 1.67537
252500 4.03125 1.67386
255000 4.04392 1.67222
257500 4.05644 1.6708
260000 4.06835 1.66981
262500 4.08007 1.66898
265000 4.09214 1.66802
267500 4.10364 1.66715
270000 4.11523 1.66634
272500 4.12628 1.66583
275000 4.13717 1.66554
277500 4.14805 1.66524
280000 4.15871 1.6652
282500 4.16908 1.66524
285000 4.17952 1.66509
287500 4.18951 1.6655
290000 4.19943 1.66567
292500 4.20916 1.66599
295000 4.2188 1.6663
297500 4.22828 1.66683
300000 4.23757 1.66723
302500 4.24671 1.66755
305000 4.25591 1.66825
307500 4.26487 1.66889
310000 4.27381 1.66943
312500 4.2825 1.6702
315000 4.29135 1.67089
317500 4.301 1.66994
320000 4.31093 1.66801
322500 4.32037 1.66595
325000 4.3294 1.66404
327500 4.33802 1.66223
330000 4.34655 1.6603
332500 4.35508 1.6585
335000 4.36353 1.65674
337500 4.3716 1.65509
340000 4.37973 1.65349
342500 4.38782 1.65198
345000 4.39577 1.65052
347500 4.40347 1.64904
350000 4.41113 1.64771
352500 4.4186 1.64647
355000 4.42606 1.64523
357500 4.43348 1.64399
360000 4.44069 1.64286
362500 4.44784 1.64166
365000 4.45499 1.64084
367500 4.46211 1.63975
370000 4.46913 1.63882
372500 4.47595 1.63784
375000 4.4828 1.63692
377500 4.48959 1.63609
380000 4.49653 1.63524
382500 4.5032 1.63441
385000 4.50981 1.63355
387500 4.51634 1.63282
390000 4.52279 1.63219
392500 4.52921 1.63161
395000 4.53568 1.63096
397500 4.54199 1.63043
400000 4.54825 1.62976
402500 4.55438 1.62921
405000 4.56055 1.62864
407500 4.56662 1.62811
410000 4.57263 1.62764
412500 4.57856 1.62714
415000 4.58439 1.62663
417500 4.59009 1.62625
420000 4.59594 1.6257
422500 4.60132 1.62548
425000 4.60645 1.62544
427500 4.61157 1.62552
430000 4.61657 1.62559
432500 4.6215 1.62572
435000 4.62641 1.62578
437500 4.63123 1.62594
440000 4.63601 1.62609
442500 4.64084 1.62638
445000 4.64557 1.62658
447500 4.65023 1.62682
450000 4.65487 1.6272
452500 4.65961 1.62744
455000 4.66405 1.62776
457500 4.66861 1.6281
460000 4.67315 1.62845
462500 4.67758 1.62874
465000 4.68193 1.62915
467500 4.68626 1.62956
470000 4.69059 1.63004
472500 4.6949 1.63052
475000 4.69912 1.63109
477500 4.70336 1.63162
480000 4.7075 1.6322
482500 4.7117 1.63277
485000 4.7153 1.63285
487500 4.71894 1.63281
490000 4.72263 1.6328
492500 4.72606 1.63279
495000 4.72958 1.63278
497500 4.73312 1.63271
500000 4.73656 1.6327
502500 4.73996 1.6327
505000 4.74333 1.63271
507500 4.7467 1.63283
510000 4.75009 1.63282
512500 4.7533 1.63297
515000 4.75664 1.63311
517500 4.75989 1.63327
520000 4.76312 1.63345
522500 4.76629 1.63369
525000 4.76937 1.63384
527500 4.77252 1.63398
530000 4.77553 1.6341
532500 4.77861 1.6343
535000 4.78168 1.63457
537500 4.78469 1.63484
540000 4.78769 1.63515
542500 4.79054 1.63552
545000 4.79347 1.63579
547500 4.79635 1.63613
550000 4.79917 1.63651
552500 4.80196 1.63693
555000 4.80484 1.6374
557500 4.8075 1.6378
560000 4.81022 1.6383
562500 4.81301 1.63881
565000 4.81567 1.63934
567500 4.81834 1.63991
570000 4.82093 1.64048
572500 4.82356 1.64106
575000 4.8261 1.64159
577500 4.82856 1.64221
580000 4.83112 1.64275
582500 4.83372 1.64333
585000 4.83621 1.64403
587500 4.8388 1.6447
590000 4.84173 1.64495
592500 4.84495 1.64492
595000 4.84813 1.64492
597500 4.85131 1.64491
600000 4.85445 1.64492
602500 4.85763 1.64487
605000 4.86068 1.64492
607500 4.86371 1.64502
610000 4.86679 1.64503
612500 4.86981 1.64507
615000 4.87274 1.64523
617500 4.87573 1.64523
620000 4.87869 1.64532
622500 4.88179 1.64534
625000 4.88473 1.64548
627500 4.88767 1.64565
630000 4.8906 1.64582
632500 4.89345 1.64598
635000 4.89636 1.64611
637500 4.89916 1.64634
640000 4.90198 1.64655
642500 4.9046 1.6469
645000 4.90704 1.64725
647500 4.9095 1.64766
650000 4.91191 1.64814
652500 4.91437 1.64855
655000 4.91671 1.64902
657500 4.91904 1.64948
660000 4.9214 1.65004
662500 4.92369 1.65056
665000 4.92592 1.65118
667500 4.92828 1.65167
670000 4.93052 1.65232
672500 4.93283 1.6529
675000 4.9351 1.65361
677500 4.93698 1.65421
680000 4.93892 1.65477
682500 4.94082 1.65529
685000 4.94259 1.65587
687500 4.94447 1.65635
690000 4.94615 1.65624
692500 4.94774 1.65599
695000 4.94923 1.65566
697500 4.95078 1.65533
700000 4.95286 1.65432
702500 4.95492 1.6532
705000 4.95698 1.65217
707500 4.9591 1.6511
710000 4.96123 1.65001
712500 4.96325 1.64898
715000 4.96533 1.64791
717500 4.96742 1.64691
720000 4.96944 1.64579
722500 4.97128 1.64499
725000 4.97292 1.64429
727500 4.9745 1.6434
730000 4.97601 1.64266
732500 4.97761 1.64187
735000 4.97914 1.64116
737500 4.98068 1.64053
740000 4.98218 1.63978
742500 4.98373 1.6391
745000 4.98526 1.63845
747500 4.9868 1.63782
750000 4.98831 1.63713
752500 4.98985 1.63653
755000 4.99138 1.63613
757500 4.99288 1.63546
760000 4.99431 1.63489
762500 4.99575 1.63426
765000 4.99715 1.63366
767500 4.99852 1.63318
770000 4.99995 1.6326
772500 5.00089 1.63238
775000 5.00168 1.63231
777500 5.00264 1.63216
780000 5.00348 1.63205
782500 5.00432 1.63198
785000 5.00517 1.63187
787500 5.00605 1.63183
790000 5.00691 1.63178
792500 5.00775 1.63173
795000 5.00857 1.6317
797500 5.00938 1.63178
800000 5.01019 1.6318
802500 5.01096 1.63183
805000 5.01171 1.63189
807500 5.01252 1.63184
810000 5.01325 1.6319
812500 5.01396 1.63195
815000 5.01474 1.63201
817500 5.01546 1.632
820000 5.0162 1.6321
822500 5.01691 1.63218
825000 5.0176 1.63228
827500 5.01822 1.6323
830000 5.0189 1.63246
832500 5.01948 1.63258
835000 5.02014 1.63266
837500 5.0208 1.6328
840000 5.02143 1.63297
842500 5.02203 1.63317
845000 5.02313 1.63342
847500 5.02414 1.63372
850000 5.0251 1.63398
852500 5.02608 1.6342
855000 5.02706 1.63442
857500 5.02799 1.63463
860000 5.02884 1.63488
862500 5.02978 1.63501
865000 5.03075 1.63532
867500 5.03168 1.63558
870000 5.03265 1.63592
872500 5.03353 1.63623
875000 5.03449 1.63653
877500 5.03539 1.63686
880000 5.03621 1.63714
882500 5.03713 1.63749
885000 5.03798 1.63774
887500 5.03887 1.63808
890000 5.03964 1.63853
892500 5.04043 1.63892
895000 5.04122 1.63929
897500 5.04211 1.63938
900000 5.0436 1.63854
902500 5.04512 1.63779
905000 5.04658 1.63712
907500 5.04806 1.63633
910000 5.04951 1.63575
912500 5.05095 1.63511
915000 5.05242 1.63448
917500 5.05384 1.6338
920000 5.05529 1.63324
922500 5.05658 1.63253
925000 5.05776 1.63184
927500 5.05891 1.63109
930000 5.06014 1.63054
932500 5.06129 1.62995
935000 5.06243 1.62936
937500 5.06362 1.62872
940000 5.06483 1.62813
942500 5.06596 1.62762
945000 5.06704 1.62698
947500 5.06822 1.62631
950000 5.06928 1.62582
952500 5.07046 1.62534
955000 5.07159 1.6248
957500 5.07262 1.62425
960000 5.0737 1.6237
962500 5.07472 1.62325
965000 5.07575 1.6227
967500 5.07682 1.62215
970000 5.07807 1.62135
972500 5.0795 1.62051
975000 5.08091 1.61956
977500 5.08234 1.61868
980000 5.0837 1.6177
982500 5.0851 1.61665
985000 5.08655 1.61575
987500 5.08791 1.61489
990000 5.08913 1.61404
992500 5.09017 1.61307
995000 5.09125 1.61214
997500 5.09237 1.61127
1e+06 5.09346 1.61054
