# time  DeltaF
2500 11.3632
5000 21.3537
7500 2.24032
10000 2.83213
12500 10.4028
15000 15.6145
17500 19.612
20000 21.7577
22500 15.5245
25000 9.4503
27500 5.06918
30000 1.76691
32500 -1.14861
35000 1.34884
37500 4.10924
40000 6.42696
42500 8.49545
45000 10.3541
47500 12.0488
50000 13.4996
52500 14.909
55000 15.3904
57500 12.6266
60000 10.1831
62500 8.17576
65000 6.39115
67500 4.71721
70000 3.30385
72500 1.93494
75000 0.67223
77500 -0.423593
80000 -1.40766
82500 -1.0117
85000 0.330622
87500 1.61091
90000 2.81119
92500 3.89249
95000 4.97983
97500 5.90788
100000 6.80571
102500 7.6609
105000 8.47047
107500 9.23216
110000 9.95248
112500 10.6552
115000 11.3378
117500 11.9958
120000 12.6325
122500 13.2438
125000 13.8063
127500 14.3684
130000 14.9128
132500 15.4868
135000 16.0254
137500 16.5252
140000 17.0053
142500 17.4672
145000 17.9413
147500 18.3669
150000 18.7476
152500 18.6112
155000 17.3966
157500 16.2561
160000 15.1852
162500 14.2296
165000 13.2715
167500 12.3566
170000 11.5202
172500 10.691
175000 9.90183
177500 9.18648
180000 8.50378
182500 7.84559
185000 7.2285
187500 6.63896
190000 6.02401
192500 5.45227
195000 4.89039
197500 4.34109
200000 3.8563
202500 3.30307
205000 2.82908
207500 2.3376
210000 1.89696
212500 1.476
215000 1.0444
217500 0.622126
220000 0.268643
222500 -0.118034
225000 -0.497841
227500 -0.82089
230000 -1.15632
232500 -1.48772
235000 -1.56023
237500 -1.10218
240000 -0.640556
242500 -0.128625
245000 0.326946
247500 0.784988
250000 1.23407
252500 1.68875
255000 2.10161
257500 2.48904
260000 2.8907
262500 3.28955
265000 3.6763
267500 4.04037
270000 4.41214
272500 4.74365
275000 5.08143
277500 5.42414
280000 5.75061
282500 6.06516
285000 6.36642
287500 6.6761
290000 6.98752
292500 7.28212
295000 7.58537
297500 7.86637
300000 8.14642
302500 8.42939
305000 8.69606
307500 8.97055
310000 9.22329
312500 9.4859
315000 9.74614
317500 9.99571
320000 10.2388
322500 10.4888
325000 10.7357
327500 10.9736
330000 11.1975
332500 11.4356
335000 11.6702
337500 11.9021
340000 12.1292
342500 12.3552
345000 12.5786
347500 12.7864
350000 12.9972
352500 13.2199
355000 13.4292
357500 13.6285
360000 13.8242
362500 14.0122
365000 14.2212
367500 14.4205
370000 14.6168
372500 14.8059
375000 14.9909
377500 15.1735
380000 15.3577
382500 15.5378
385000 15.7099
387500 15.8863
390000 16.0626
392500 16.2486
395000 16.4283
397500 16.6066
400000 16.7748
402500 16.9391
405000 17.1071
407500 17.271
410000 17.439
412500 17.601
415000 17.7458
417500 17.8927
420000 18.0554
422500 18.2068
425000 18.3505
427500 18.4961
430000 18.6458
432500 18.786
435000 18.9161
437500 19.0546
440000 19.1827
442500 19.3142
445000 19.2626
447500 18.8412
450000 18.4294
452500 18.0174
455000 17.6087
457500 17.1968
460000 16.7901
462500 16.3948
465000 16.0176
467500 15.6263
470000 15.2742
472500 14.9204
475000 14.5909
477500 14.2668
480000 13.9417
482500 13.6287
485000 13.3146
487500 12.9872
490000 12.6842
492500 12.3747
495000 12.1077
497500 11.8239
500000 11.5407
502500 11.2658
505000 10.9972
507500 10.7397
510000 10.4827
512500 10.2246
515000 9.94589
517500 9.69611
520000 9.45191
522500 9.20044
525000 8.9595
527500 8.71619
530000 8.49546
532500 8.26771
535000 8.03499
537500 7.8156
540000 7.59126
542500 7.37084
545000 7.15997
547500 6.94107
550000 6.73636
552500 6.52278
555000 6.31004
557500 6.11156
560000 5.9072
562500 5.72082
565000 5.51579
567500 5.3347
570000 5.15139
572500 4.96694
575000 4.79043
577500 4.6092
580000 4.43168
582500 4.26542
585000 4.08693
587500 3.90938
590000 3.73724
592500 3.57079
595000 3.40314
597500 3.23457
600000 3.07284
602500 2.91077
605000 2.75446
607500 2.58697
610000 2.42735
612500 2.2733
615000 2.13841
617500 2.23117
620000 2.40497
622500 2.57446
625000 2.74375
627500 2.92062
630000 3.08132
632500 3.23997
635000 3.40386
637500 3.57342
640000 3.73619
642500 3.88028
645000 4.0359
647500 4.18924
650000 4.3443
652500 4.49321
655000 4.63873
657500 4.78679
660000 4.93506
662500 5.07986
665000 5.22108
667500 5.36143
670000 5.50467
672500 5.64388
675000 5.78472
677500 5.92641
680000 6.06012
682500 6.18731
685000 6.31208
687500 6.43162
690000 6.56329
692500 6.68647
695000 6.81419
697500 6.93022
700000 7.05397
702500 7.18248
705000 7.31133
707500 7.43686
710000 7.56771
712500 7.68775
715000 7.81204
717500 7.931
720000 8.04291
722500 8.16386
725000 8.28163
727500 8.39564
730000 8.51047
732500 8.62348
735000 8.73728
737500 8.84248
740000 8.95396
742500 9.06425
745000 9.17571
747500 9.27893
750000 9.38443
752500 9.50048
755000 9.61157
757500 9.7197
760000 9.82436
762500 9.93169
765000 10.0253
767500 10.1269
770000 10.2285
772500 10.3274
775000 10.4255
777500 10.531
780000 10.6307
782500 10.7368
785000 10.8317
787500 10.9316
790000 11.0228
792500 11.1238
795000 11.2169
797500 11.313
800000 11.4101
802500 11.5056
805000 11.5989
807500 11.6912
810000 11.7821
812500 11.8734
815000 11.9728
817500 12.0657
820000 12.1551
822500 12.2466
825000 12.3423
827500 12.4353
830000 12.5211
832500 12.6114
835000 12.7012
837500 12.7856
840000 12.8764
842500 12.9651
845000 13.0499
847500 13.1381
850000 13.2238
852500 13.3133
855000 13.404
857500 13.4915
860000 13.5794
862500 13.6659
865000 13.7558
867500 13.8416
870000 13.9195
872500 13.9988
875000 14.0845
877500 14.1672
880000 14.2476
882500 14.3308
885000 14.4086
887500 14.4878
890000 14.5669
892500 14.6428
895000 14.7202
897500 14.8022
900000 14.8804
902500 14.9577
905000 15.0369
907500 15.1126
910000 15.1838
912500 15.2623
915000 15.3417
917500 15.4202
920000 15.4951
922500 15.5726
925000 15.6466
927500 15.7217
930000 15.7933
932500 15.8684
935000 15.9086
937500 15.7128
940000 15.524
942500 15.3344
945000 15.155
947500 14.9708
950000 14.8007
952500 14.6281
955000 14.4619
957500 14.284
960000 14.1139
962500 13.949
965000 13.7841
967500 13.615
970000 13.4554
972500 13.3004
975000 13.1419
977500 12.9906
980000 12.8329
982500 12.6747
985000 12.5202
987500 12.3724
990000 12.2259
992500 12.0709
995000 11.9301
997500 11.7957
1e+06 11.6506
