# time  DeltaF
2500 12.6517
5000 23.1155
7500 2.49036
10000 3.17107
12500 11.5245
15000 17.289
17500 21.695
20000 23.7403
22500 17.1699
25000 10.4631
27500 5.62642
30000 1.98916
32500 -1.25709
35000 1.52649
37500 4.56892
40000 7.12355
42500 9.40724
45000 11.46
47500 13.3278
50000 14.9279
52500 16.4868
55000 17.0158
57500 13.9691
60000 11.2611
62500 9.05364
65000 7.08261
67500 5.23353
70000 3.67315
72500 2.16153
75000 0.765019
77500 -0.452953
80000 -1.55168
82500 -1.10812
85000 0.391746
87500 1.80898
90000 3.13687
92500 4.32875
95000 5.53155
97500 6.55301
100000 7.54178
102500 8.48406
105000 9.37533
107500 10.2141
110000 11.007
112500 11.7825
115000 12.5365
117500 13.262
120000 13.9647
122500 14.639
125000 15.2601
127500 15.8804
130000 16.4808
132500 17.1162
135000 17.7119
137500 18.2644
140000 18.7955
142500 19.3063
145000 19.8301
147500 20.2982
150000 20.7132
152500 20.5624
155000 19.2226
157500 17.9632
160000 16.7796
162500 15.728
165000 14.6694
167500 13.659
170000 12.7357
172500 11.819
175000 10.9476
177500 10.157
180000 9.40595
182500 8.68045
185000 8.00163
187500 7.35227
190000 6.67393
192500 6.04296
195000 5.4224
197500 4.81604
200000 4.28292
202500 3.66921
205000 3.14552
207500 2.60028
210000 2.11465
212500 1.64924
215000 1.17137
217500 0.70348
220000 0.313303
222500 -0.11665
225000 -0.53968
227500 -0.900149
230000 -1.27451
232500 -1.64657
235000 -1.7265
237500 -1.21132
240000 -0.693696
242500 -0.121713
245000 0.384761
247500 0.893209
250000 1.39068
252500 1.89491
255000 2.35052
257500 2.77757
260000 3.22031
262500 3.66039
265000 4.08678
267500 4.4879
270000 4.89788
272500 5.26206
275000 5.63357
277500 6.01173
280000 6.37109
282500 6.71815
285000 7.04947
287500 7.39112
290000 7.73388
292500 8.05832
295000 8.39275
297500 8.70206
300000 9.01043
302500 9.32237
305000 9.61626
307500 9.91929
310000 10.1972
312500 10.487
315000 10.7741
317500 11.0498
320000 11.3173
322500 11.5929
325000 11.8651
327500 12.1274
330000 12.3743
332500 12.6372
335000 12.8965
337500 13.1526
340000 13.4033
342500 13.6531
345000 13.9
347500 14.1289
350000 14.3622
352500 14.6086
355000 14.8393
357500 15.0587
360000 15.2747
362500 15.4826
365000 15.7138
367500 15.9337
370000 16.1506
372500 16.3594
375000 16.5634
377500 16.7651
380000 16.9689
382500 17.1675
385000 17.3579
387500 17.5532
390000 17.7479
392500 17.9542
395000 18.1526
397500 18.3496
400000 18.536
402500 18.7173
405000 18.9033
407500 19.0845
410000 19.2701
412500 19.4489
415000 19.6083
417500 19.7697
420000 19.9495
422500 20.1164
425000 20.2745
427500 20.4344
430000 20.599
432500 20.7524
435000 20.8941
437500 21.0446
440000 21.1837
442500 21.3254
445000 21.2701
447500 20.8111
450000 20.36
452500 19.9059
455000 19.4545
457500 18.9981
460000 18.5476
462500 18.1102
465000 17.6927
467500 17.2593
470000 16.8709
472500 16.4803
475000 16.1179
477500 15.7616
480000 15.4023
482500 15.0579
485000 14.711
487500 14.3489
490000 14.0149
492500 13.6729
495000 13.3794
497500 13.067
500000 12.7544
502500 12.4525
505000 12.1564
507500 11.8729
510000 11.5891
512500 11.3048
515000 10.9962
517500 10.7207
520000 10.4515
522500 10.1738
525000 9.90754
527500 9.63868
530000 9.39591
532500 9.14429
535000 8.88746
537500 8.64545
540000 8.39785
542500 8.1548
545000 7.92281
547500 7.68135
550000 7.45543
552500 7.2199
555000 6.98412
557500 6.76565
560000 6.53999
562500 6.33456
565000 6.10823
567500 5.909
570000 5.70702
572500 5.50365
575000 5.30902
577500 5.10887
580000 4.91343
582500 4.73024
585000 4.53322
587500 4.33723
590000 4.14714
592500 3.96342
595000 3.77853
597500 3.59317
600000 3.41491
602500 3.23598
605000 3.0634
607500 2.87792
610000 2.7015
612500 2.53136
615000 2.38336
617500 2.48582
620000 2.67885
622500 2.86643
625000 3.05402
627500 3.2498
630000 3.42732
632500 3.6022
635000 3.78276
637500 3.97049
640000 4.15017
642500 4.30868
645000 4.48072
647500 4.65015
650000 4.82108
652500 4.9854
655000 5.14577
657500 5.30913
660000 5.47261
662500 5.63218
665000 5.78778
667500 5.94252
670000 6.10074
672500 6.25394
675000 6.40941
677500 6.56562
680000 6.7129
682500 6.85258
685000 6.98995
687500 7.12155
690000 7.26676
692500 7.40231
695000 7.54321
697500 7.67076
700000 7.80713
702500 7.94886
705000 8.09097
707500 8.22954
710000 8.37394
712500 8.50629
715000 8.64329
717500 8.77411
720000 8.89728
722500 9.03031
725000 9.16034
727500 9.286
730000 9.41262
732500 9.53686
735000 9.66255
737500 9.77834
740000 9.90133
742500 10.0231
745000 10.1461
747500 10.2597
750000 10.3759
752500 10.5044
755000 10.627
757500 10.746
760000 10.8614
762500 10.9795
765000 11.0824
767500 11.1942
770000 11.3064
772500 11.4156
775000 11.5235
777500 11.64
780000 11.7499
782500 11.867
785000 11.9712
787500 12.0814
790000 12.1815
792500 12.2932
795000 12.3959
797500 12.5018
800000 12.6089
802500 12.7145
805000 12.8172
807500 12.9189
810000 13.0193
812500 13.1201
815000 13.2299
817500 13.3325
820000 13.431
822500 13.532
825000 13.6376
827500 13.7402
830000 13.8346
832500 13.9344
835000 14.0335
837500 14.1266
840000 14.2272
842500 14.3251
845000 14.4188
847500 14.5164
850000 14.6109
852500 14.7098
855000 14.8104
857500 14.9071
860000 15.0041
862500 15.0995
865000 15.1989
867500 15.2936
870000 15.3795
872500 15.467
875000 15.5617
877500 15.6532
880000 15.7421
882500 15.8341
885000 15.9198
887500 16.0073
890000 16.0947
892500 16.1783
895000 16.2638
897500 16.3543
900000 16.4407
902500 16.5259
905000 16.6135
907500 16.6971
910000 16.7756
912500 16.8623
915000 16.95
917500 17.0368
920000 17.1193
922500 17.2051
925000 17.2868
927500 17.3699
930000 17.449
932500 17.5317
935000 17.5759
937500 17.3585
940000 17.1497
942500 16.9397
945000 16.7414
947500 16.5375
950000 16.3498
952500 16.1592
955000 15.9761
957500 15.779
960000 15.5914
962500 15.41
965000 15.2275
967500 15.0403
970000 14.8639
972500 14.6929
975000 14.518
977500 14.3514
980000 14.177
982500 14.0021
985000 13.8315
987500 13.6684
990000 13.507
992500 13.3354
995000 13.1801
997500 13.0323
1e+06 12.8718
