# time  DeltaF
2500 20.1911
5000 20.5349
7500 20.5588
10000 20.6203
12500 20.5585
15000 20.5429
17500 20.6463
20000 20.5944
22500 20.5851
25000 20.2009
27500 19.6629
30000 19.0814
32500 18.4825
35000 17.9328
37500 17.3699
40000 16.8406
42500 16.296
45000 15.7852
47500 15.3146
50000 14.825
52500 14.3384
55000 13.9335
57500 13.5029
60000 13.0936
62500 12.6926
65000 12.2981
67500 11.9183
70000 11.5486
72500 11.1715
75000 10.7897
77500 10.4462
80000 10.0985
82500 9.75573
85000 9.40696
87500 9.0989
90000 8.76934
92500 8.46946
95000 8.146
97500 7.84505
100000 7.52996
102500 7.23544
105000 6.95029
107500 6.678
110000 6.40631
112500 6.13762
115000 5.85442
117500 5.59899
120000 5.32469
122500 5.06487
125000 4.81006
127500 4.55293
130000 4.31007
132500 4.06983
135000 3.83195
137500 3.61276
140000 3.39901
142500 3.18656
145000 2.97156
147500 2.76711
150000 2.57781
152500 2.38235
155000 2.20408
157500 2.12932
160000 2.33079
162500 2.45962
165000 2.57906
167500 2.69721
170000 2.7983
172500 2.88264
175000 2.97046
177500 3.04263
180000 3.10869
182500 3.17163
185000 3.2321
187500 3.29383
190000 3.3511
192500 3.40395
195000 3.45261
197500 3.50346
200000 3.54729
202500 3.58801
205000 3.62778
207500 3.66552
210000 3.70009
212500 3.73719
215000 3.77299
217500 3.80535
220000 3.83865
222500 3.87054
225000 3.9026
227500 3.93268
230000 3.96212
232500 3.99073
235000 4.01829
237500 4.04362
240000 4.07024
242500 4.09505
245000 4.12195
247500 4.14507
250000 4.16993
252500 4.1955
255000 4.21763
257500 4.23985
260000 4.26075
262500 4.28138
265000 4.3036
267500 4.32456
270000 4.34462
272500 4.36494
275000 4.3853
277500 4.40498
280000 4.42529
282500 4.445
285000 4.46132
287500 4.47879
290000 4.49589
292500 4.51141
295000 4.52953
297500 4.5467
300000 4.5628
302500 4.57837
305000 4.59456
307500 4.60852
310000 4.62329
312500 4.63924
315000 4.65382
317500 4.66953
320000 4.6837
322500 4.69939
325000 4.71242
327500 4.7258
330000 4.73952
332500 4.75328
335000 4.76671
337500 4.7798
340000 4.7931
342500 4.80652
345000 4.81843
347500 4.8307
350000 4.84401
352500 4.8561
355000 4.86786
357500 4.88022
360000 4.89177
362500 4.90362
365000 4.91576
367500 4.92698
370000 4.93875
372500 4.95006
375000 4.96045
377500 4.97209
380000 4.98361
382500 4.9938
385000 5.00488
387500 5.01459
390000 5.02485
392500 5.03522
395000 5.04564
397500 5.05587
400000 5.06564
402500 5.07647
405000 5.08672
407500 5.09581
410000 5.10497
412500 5.11501
415000 5.12398
417500 5.13369
420000 5.14287
422500 5.15182
425000 5.16086
427500 5.17038
430000 5.17904
432500 5.18789
435000 5.19682
437500 5.20532
440000 5.21346
442500 5.22223
445000 5.23038
447500 5.2381
450000 5.24674
452500 5.25488
455000 5.26261
457500 5.27052
460000 5.27803
462500 5.28569
465000 5.29348
467500 5.30068
470000 5.30779
472500 5.31571
475000 5.32361
477500 5.33156
480000 5.33912
482500 5.34627
485000 5.35376
487500 5.36148
490000 5.36857
492500 5.37566
495000 5.38312
497500 5.38992
500000 5.39719
502500 5.40403
505000 5.41103
507500 5.41804
510000 5.42525
512500 5.43208
515000 5.43944
517500 5.44612
520000 5.45281
522500 5.45851
525000 5.46515
527500 5.47221
530000 5.47775
532500 5.48368
535000 5.49014
537500 5.49651
540000 5.50293
542500 5.50855
545000 5.51407
547500 5.51984
550000 5.52538
552500 5.53056
555000 5.53633
557500 5.54188
560000 5.54741
562500 5.55311
565000 5.55859
567500 5.56407
570000 5.56987
572500 5.57536
575000 5.5806
577500 5.5857
580000 5.59087
582500 5.59654
585000 5.60191
587500 5.60744
590000 5.61251
592500 5.61789
595000 5.62338
597500 5.62897
600000 5.63397
602500 5.63871
605000 5.64354
607500 5.64826
610000 5.65333
612500 5.65837
615000 5.66268
617500 5.6673
620000 5.67167
622500 5.67629
625000 5.6804
627500 5.68512
630000 5.69021
632500 5.69475
635000 5.69911
637500 5.70373
640000 5.70804
642500 5.71185
645000 5.71582
647500 5.7194
650000 5.72287
652500 5.72682
655000 5.73081
657500 5.73475
660000 5.73886
662500 5.74259
665000 5.74641
667500 5.75024
670000 5.75394
672500 5.75764
675000 5.76142
677500 5.76508
680000 5.76877
682500 5.77213
685000 5.77579
687500 5.7795
690000 5.78329
692500 5.78674
695000 5.7901
697500 5.79372
700000 5.79719
702500 5.80053
705000 5.80415
707500 5.80756
710000 5.81105
712500 5.81456
715000 5.81833
717500 5.82167
720000 5.82513
722500 5.82866
725000 5.83209
727500 5.83528
730000 5.83888
732500 5.84243
735000 5.84596
737500 5.8495
740000 5.85314
742500 5.85649
745000 5.85959
747500 5.86303
750000 5.86629
752500 5.86948
755000 5.8729
757500 5.87632
760000 5.87962
762500 5.88275
765000 5.88617
767500 5.88942
770000 5.893
772500 5.89606
775000 5.89933
777500 5.9026
780000 5.90587
782500 5.90922
785000 5.91215
787500 5.91524
790000 5.91839
792500 5.92158
795000 5.92454
797500 5.92766
800000 5.9307
802500 5.93361
805000 5.9367
807500 5.9396
810000 5.94251
812500 5.94568
815000 5.94865
817500 5.9517
820000 5.95463
822500 5.95735
825000 5.96034
827500 5.96307
830000 5.96612
832500 5.96896
835000 5.97193
837500 5.97469
840000 5.97745
842500 5.98046
845000 5.98337
847500 5.98616
850000 5.98912
852500 5.99178
855000 5.99456
857500 5.99732
860000 6.00023
862500 6.00291
865000 6.00579
867500 6.00883
870000 6.0115
872500 6.01393
875000 6.01673
877500 6.01961
880000 6.02257
882500 6.02536
885000 6.02835
887500 6.03122
890000 6.03405
892500 6.03684
895000 6.03965
897500 6.04246
900000 6.04502
902500 6.04762
905000 6.05031
907500 6.05296
910000 6.0558
912500 6.05846
915000 6.06126
917500 6.06385
920000 6.0668
922500 6.06955
925000 6.07233
927500 6.07491
930000 6.0776
932500 6.08017
935000 6.08262
937500 6.08542
940000 6.08819
942500 6.09051
945000 6.09302
947500 6.09563
950000 6.09829
952500 6.10079
955000 6.10347
957500 6.10604
960000 6.10876
962500 6.11136
965000 6.11402
967500 6.1165
970000 6.11892
972500 6.12129
975000 6.1237
977500 6.12636
980000 6.12892
982500 6.13124
985000 6.13369
987500 6.13592
990000 6.13812
992500 6.14061
995000 6.14304
997500 6.14554
1e+06 6.14775
