# time  DeltaF
2500 7.66698
5000 10.3901
7500 9.61102
10000 7.84528
12500 7.84671
15000 7.8547
17500 7.89967
20000 7.96906
22500 8.05461
25000 8.05425
27500 8.04537
30000 7.98822
32500 7.81767
35000 7.44075
37500 6.96443
40000 6.45519
42500 6.45532
45000 6.45581
47500 6.45707
50000 6.45994
52500 6.4645
55000 6.47302
57500 6.48698
60000 6.50901
62500 6.54732
65000 6.58911
67500 6.65935
70000 6.7153
72500 6.80859
75000 6.9212
77500 7.03951
80000 7.16356
82500 7.29111
85000 7.42308
87500 7.54542
90000 7.69396
92500 7.85451
95000 8.00331
97500 8.12038
100000 8.12036
102500 8.1203
105000 8.12015
107500 8.11981
110000 8.11905
112500 8.11795
115000 8.11576
117500 8.11252
120000 8.10486
122500 8.09578
125000 8.08162
127500 8.06102
130000 8.03554
132500 8.00231
135000 7.96478
137500 7.90921
140000 7.84964
142500 7.79806
145000 7.72592
147500 7.64169
150000 7.54416
152500 7.45794
155000 7.45811
157500 7.45832
160000 7.45863
162500 7.45909
165000 7.45972
167500 7.46053
170000 7.46128
172500 7.46218
175000 7.46321
177500 7.46447
180000 7.4659
182500 7.46743
185000 7.46926
187500 7.47154
190000 7.47432
192500 7.47672
195000 7.47982
197500 7.48365
200000 7.48705
202500 7.49168
205000 7.49708
207500 7.50224
210000 7.50762
212500 7.51423
215000 7.52061
217500 7.52766
220000 7.53521
222500 7.54265
225000 7.55073
227500 7.55839
230000 7.56583
232500 7.57285
235000 7.5866
237500 7.59962
240000 7.60946
242500 7.61899
245000 7.62937
247500 7.64521
250000 7.66231
252500 7.6793
255000 7.69649
257500 7.70625
260000 7.70616
262500 7.70602
265000 7.70582
267500 7.70553
270000 7.70515
272500 7.70467
275000 7.70406
277500 7.70343
280000 7.70252
282500 7.70135
285000 7.69973
287500 7.69777
290000 7.69537
292500 7.6927
295000 7.68926
297500 7.68577
300000 7.68119
302500 7.67571
305000 7.66927
307500 7.66125
310000 7.64742
312500 7.63459
315000 7.62346
317500 7.61082
320000 7.59688
322500 7.57912
325000 7.56141
327500 7.54228
330000 7.52155
332500 7.49748
335000 7.47323
337500 7.44648
340000 7.41839
342500 7.38721
345000 7.35206
347500 7.32191
350000 7.28606
352500 7.24713
355000 7.20414
357500 7.1633
360000 7.11946
362500 7.07681
365000 7.03068
367500 6.98254
370000 6.93604
372500 6.88803
375000 6.8379
377500 6.77357
380000 6.72843
382500 6.67271
385000 6.64392
387500 6.64404
390000 6.64417
392500 6.64433
395000 6.6445
397500 6.64467
400000 6.64486
402500 6.64509
405000 6.64537
407500 6.64568
410000 6.64611
412500 6.64652
415000 6.64697
417500 6.64749
420000 6.64783
422500 6.64823
425000 6.6487
427500 6.64916
430000 6.64969
432500 6.65024
435000 6.65085
437500 6.65155
440000 6.65222
442500 6.65295
445000 6.65379
447500 6.65472
450000 6.65556
452500 6.65651
455000 6.65783
457500 6.65953
460000 6.65464
462500 6.64932
465000 6.64331
467500 6.63638
470000 6.6296
472500 6.62253
475000 6.61413
477500 6.60562
480000 6.59734
482500 6.58753
485000 6.57737
487500 6.56616
490000 6.55332
492500 6.54102
495000 6.52621
497500 6.51209
500000 6.49736
502500 6.47828
505000 6.46047
507500 6.44406
510000 6.41953
512500 6.39919
515000 6.37099
517500 6.34284
520000 6.31406
522500 6.28544
525000 6.25158
527500 6.22325
530000 6.19539
532500 6.16186
535000 6.12869
537500 6.09925
540000 6.07085
542500 6.03549
545000 5.99878
547500 5.99899
550000 5.99922
552500 5.99946
555000 5.99973
557500 6.00002
560000 6.00032
562500 6.00067
565000 6.00103
567500 6.0014
570000 6.00183
572500 6.00224
575000 6.00256
577500 6.0029
580000 6.00327
582500 6.00366
585000 6.00408
587500 6.0047
590000 6.00523
592500 6.00575
595000 6.00647
597500 6.00716
600000 6.00762
602500 6.00814
605000 6.00886
607500 6.00967
610000 6.01052
612500 6.01124
615000 6.01192
617500 6.01259
620000 6.01338
622500 6.01447
625000 6.01556
627500 6.01674
630000 6.01779
632500 6.01896
635000 6.01988
637500 6.02084
640000 6.02224
642500 6.02378
645000 6.02543
647500 6.02681
650000 6.02841
652500 6.0303
655000 6.03222
657500 6.03374
660000 6.0356
662500 6.03755
665000 6.03963
667500 6.04128
670000 6.04291
672500 6.04487
675000 6.04695
677500 6.04933
680000 6.05139
682500 6.05367
685000 6.05612
687500 6.05795
690000 6.06007
692500 6.06226
695000 6.06533
697500 6.06825
700000 6.07123
702500 6.07428
705000 6.0766
707500 6.07987
710000 6.08262
712500 6.08506
715000 6.08793
717500 6.09184
720000 6.09498
722500 6.09772
725000 6.10138
727500 6.10579
730000 6.10974
732500 6.11381
735000 6.11738
737500 6.12018
740000 6.12431
742500 6.12871
745000 6.13288
747500 6.1378
750000 6.14235
752500 6.1461
755000 6.14947
757500 6.15407
760000 6.15839
762500 6.16327
765000 6.16853
767500 6.17406
770000 6.17896
772500 6.18398
775000 6.18928
777500 6.19404
780000 6.19939
782500 6.20454
785000 6.20955
787500 6.21479
790000 6.22055
792500 6.22544
795000 6.23101
797500 6.23608
800000 6.2417
802500 6.24782
805000 6.25188
807500 6.25625
810000 6.26247
812500 6.26862
815000 6.27464
817500 6.28049
820000 6.28578
822500 6.29224
825000 6.29888
827500 6.3052
830000 6.31218
832500 6.31866
835000 6.32536
837500 6.3323
840000 6.33906
842500 6.34677
845000 6.35316
847500 6.36007
850000 6.36655
852500 6.37355
855000 6.38015
857500 6.3874
860000 6.39404
862500 6.40164
865000 6.40874
867500 6.41612
870000 6.42335
872500 6.43004
875000 6.43634
877500 6.44304
880000 6.44941
882500 6.45428
885000 6.46119
887500 6.46768
890000 6.47479
892500 6.48236
895000 6.48995
897500 6.49751
900000 6.50536
902500 6.51324
905000 6.52289
907500 6.53459
910000 6.54706
912500 6.55812
915000 6.56916
917500 6.58026
920000 6.59129
922500 6.60345
925000 6.61498
927500 6.62632
930000 6.63794
932500 6.65026
935000 6.66243
937500 6.67465
940000 6.68351
942500 6.69445
945000 6.70651
947500 6.71536
950000 6.723
952500 6.73171
955000 6.74433
957500 6.75551
960000 6.76751
962500 6.77747
965000 6.78526
967500 6.793
970000 6.80043
972500 6.80812
975000 6.81535
977500 6.82329
980000 6.83131
982500 6.83899
985000 6.84687
987500 6.85539
990000 6.86311
992500 6.87074
995000 6.87844
997500 6.8871
1e+06 6.89507
