# time  DeltaF
2500 18.1186
5000 17.4337
7500 0.99347
10000 -1.75928
12500 6.12305
15000 10.4981
17500 13.773
20000 16.1109
22500 17.7289
25000 11.6288
27500 7.45478
30000 4.22517
32500 1.8927
35000 -0.244607
37500 -1.91942
40000 -2.90286
42500 -0.456678
45000 1.68365
47500 3.43676
50000 4.9178
52500 6.20218
55000 7.46081
57500 8.65106
60000 9.60464
62500 10.6289
65000 11.484
67500 12.3988
70000 13.0256
72500 13.8056
75000 14.5797
77500 15.2172
80000 15.8201
82500 16.3803
85000 16.9358
87500 17.387
90000 17.9736
92500 18.4217
95000 18.606
97500 18.92
100000 16.9869
102500 15.3978
105000 14.2544
107500 12.9766
110000 11.8797
112500 10.9278
115000 9.96814
117500 9.09335
120000 8.35488
122500 7.5308
125000 6.84526
127500 6.15541
130000 5.40542
132500 4.79611
135000 4.18057
137500 3.61605
140000 3.07362
142500 2.51685
145000 1.99574
147500 1.57361
150000 1.10612
152500 0.878987
155000 1.63565
157500 2.33266
160000 2.95698
162500 3.51127
165000 4.07108
167500 4.66712
170000 5.0803
172500 5.48099
175000 5.8704
177500 6.26057
180000 6.6398
182500 6.96618
185000 7.33428
187500 7.69584
190000 8.01662
192500 8.32047
195000 8.68214
197500 8.99452
200000 9.26061
202500 9.65252
205000 9.94645
207500 10.1536
210000 10.4628
212500 10.7302
215000 10.9201
217500 11.2357
220000 11.429
222500 11.7412
225000 11.9897
227500 12.1078
230000 12.3604
232500 12.5625
235000 12.8775
237500 13.0155
240000 13.2025
242500 13.4109
245000 13.5957
247500 13.8903
250000 14.0662
252500 14.1499
255000 14.4338
257500 14.1891
260000 13.6068
262500 13.1638
265000 12.6784
267500 12.2013
270000 11.7494
272500 11.3203
275000 10.9084
277500 10.446
280000 10.1152
282500 9.7226
285000 9.35319
287500 8.99407
290000 8.65148
292500 8.3531
295000 8.01514
297500 7.63921
300000 7.3658
302500 7.08064
305000 6.78775
307500 6.48522
310000 6.2295
312500 5.91597
315000 5.6404
317500 5.38268
320000 5.12018
322500 4.89941
325000 4.62982
327500 4.38347
330000 4.1455
332500 3.88492
335000 3.65079
337500 3.42345
340000 3.20532
342500 3.00339
345000 2.76776
347500 2.57843
350000 2.36678
352500 2.16077
355000 1.95852
357500 1.75801
360000 1.56186
362500 1.37506
365000 1.18211
367500 0.997465
370000 0.824125
372500 0.646179
375000 0.465221
377500 0.278485
380000 0.122877
382500 -0.059148
385000 -0.0091516
387500 0.291743
390000 0.576532
392500 0.844958
395000 1.09155
397500 1.3201
400000 1.52854
402500 1.75049
405000 1.97332
407500 2.21499
410000 2.43978
412500 2.63807
415000 2.83759
417500 3.03328
420000 3.20715
422500 3.37642
425000 3.5816
427500 3.76302
430000 3.94784
432500 4.11425
435000 4.28831
437500 4.46308
440000 4.63246
442500 4.7965
445000 4.96417
447500 5.13229
450000 5.25833
452500 5.44842
455000 5.63718
457500 5.77203
460000 5.55432
462500 5.36139
465000 5.16677
467500 4.962
470000 4.77444
472500 4.60256
475000 4.42487
477500 4.24567
480000 4.0934
482500 3.91972
485000 3.75529
487500 3.59424
490000 3.41664
492500 3.25838
495000 3.0963
497500 2.94152
500000 2.79046
502500 2.65806
505000 2.49274
507500 2.35035
510000 2.22236
512500 2.08146
515000 1.93061
517500 1.79543
520000 1.66249
522500 1.53338
525000 1.38816
527500 1.24004
530000 1.0914
532500 0.952335
535000 0.82154
537500 0.685963
540000 0.550998
542500 0.424003
545000 0.344456
547500 0.522867
550000 0.706814
552500 0.874188
555000 1.04292
557500 1.20584
560000 1.36198
562500 1.5396
565000 1.6941
567500 1.85337
570000 2.0104
572500 2.15826
575000 2.31742
577500 2.45079
580000 2.59919
582500 2.74521
585000 2.87928
587500 3.03673
590000 3.14982
592500 3.29505
595000 3.43682
597500 3.52909
600000 3.63696
602500 3.75534
605000 3.88704
607500 3.9921
610000 4.11505
612500 4.2004
615000 4.31761
617500 4.41936
620000 4.55663
622500 4.65867
625000 4.78093
627500 4.86813
630000 4.99939
632500 5.07084
635000 5.18513
637500 5.29078
640000 5.42605
642500 5.53186
645000 5.64201
647500 5.73499
650000 5.84761
652500 5.95031
655000 6.05503
657500 6.10878
660000 6.23954
662500 6.35419
665000 6.4344
667500 6.49822
670000 6.64687
672500 6.71453
675000 6.85017
677500 6.94343
680000 6.99848
682500 7.12444
685000 7.17517
687500 7.24294
690000 7.3525
692500 7.4796
695000 7.57091
697500 7.65622
700000 7.74334
702500 7.82688
705000 7.86993
707500 7.96579
710000 8.02931
712500 8.08692
715000 8.23898
717500 8.30409
720000 8.37569
722500 8.46322
725000 8.59004
727500 8.67459
730000 8.76188
732500 8.83258
735000 8.85754
737500 8.90906
740000 9.02134
742500 9.14514
745000 9.20488
747500 9.28323
750000 9.36102
752500 9.41775
755000 9.48175
757500 9.62362
760000 9.64979
762500 9.77701
765000 9.83975
767500 9.8911
770000 9.95664
772500 10.0371
775000 10.1031
777500 10.1777
780000 10.2516
782500 10.3225
785000 10.3864
787500 10.453
790000 10.5275
792500 10.5901
795000 10.6614
797500 10.7325
800000 10.7948
802500 10.796
805000 10.8612
807500 11.0007
810000 11.0515
812500 11.1207
815000 11.1926
817500 11.2529
820000 11.2526
822500 11.3822
825000 11.4477
827500 11.5075
830000 11.5625
832500 11.6371
835000 11.6974
837500 11.7589
840000 11.8149
842500 11.8676
845000 11.9215
847500 11.9864
850000 12.0439
852500 12.1056
855000 12.1641
857500 12.2279
860000 12.2827
862500 12.3465
865000 12.4054
867500 12.4665
870000 12.522
872500 12.5103
875000 12.6399
877500 12.6832
880000 12.6697
882500 12.7243
885000 12.8486
887500 12.8367
890000 12.9595
892500 13.0136
895000 13.067
897500 13.1202
900000 13.1757
902500 13.2305
905000 13.3607
907500 13.4126
910000 13.4689
912500 13.5184
915000 13.5675
917500 13.6172
920000 13.6652
922500 13.7206
925000 13.7705
927500 13.8194
930000 13.8705
932500 13.9229
935000 13.9759
937500 14.0295
940000 14.0851
942500 14.1314
945000 14.183
947500 14.1474
950000 14.1958
952500 14.3289
955000 14.3804
957500 14.4269
960000 14.476
962500 14.4379
965000 14.4852
967500 14.5311
970000 14.5762
972500 14.6246
975000 14.6669
977500 14.7143
980000 14.7615
982500 14.8072
985000 14.8531
987500 14.9039
990000 14.9477
992500 14.9903
995000 15.0327
997500 15.0818
1e+06 15.216
