# time  DeltaF
2500 20.8757
5000 -0.0543727
7500 12.2603
10000 17.943
12500 18.0388
15000 9.18128
17500 3.82145
20000 0.182319
22500 3.58917
25000 6.82756
27500 9.05813
30000 10.9917
32500 12.6633
35000 14.1143
37500 15.2665
40000 16.3977
42500 17.4889
45000 18.2846
47500 15.0525
50000 12.6913
52500 10.4513
55000 8.68841
57500 7.00034
60000 5.43086
62500 4.05752
65000 2.87913
67500 1.79305
70000 0.790669
72500 -0.00684156
75000 1.3884
77500 2.61167
80000 3.6543
82500 4.56069
85000 5.49631
87500 6.2637
90000 7.04146
92500 7.77456
95000 8.39493
97500 9.08111
100000 9.69918
102500 10.267
105000 10.8325
107500 11.3474
110000 11.8301
112500 12.3337
115000 12.804
117500 13.2613
120000 13.6545
122500 14.0559
125000 14.5006
127500 14.838
130000 15.1912
132500 15.5607
135000 15.9068
137500 16.145
140000 16.5947
142500 15.4429
145000 14.4176
147500 13.4389
150000 12.5862
152500 11.8553
155000 10.9617
157500 10.2372
160000 9.56058
162500 8.88204
165000 8.32622
167500 7.68541
170000 7.14549
172500 6.56201
175000 6.02697
177500 5.51079
180000 5.05025
182500 4.55564
185000 4.12948
187500 3.66266
190000 3.24781
192500 2.85092
195000 2.46326
197500 2.04102
200000 1.66253
202500 1.28159
205000 0.923643
207500 0.583042
210000 0.270746
212500 -0.0527298
215000 -0.380824
217500 0.168264
220000 0.676613
222500 1.15549
225000 1.60669
227500 2.02847
230000 2.42591
232500 2.82176
235000 3.17891
237500 3.50581
240000 3.82843
242500 4.13391
245000 4.46642
247500 4.71237
250000 5.00589
252500 5.30189
255000 5.55587
257500 5.81527
260000 6.08954
262500 6.37385
265000 6.58085
267500 6.80906
270000 7.04683
272500 7.29915
275000 7.5327
277500 7.75909
280000 7.98689
282500 8.20321
285000 8.41965
287500 8.6625
290000 8.84349
292500 9.02826
295000 9.22187
297500 9.42638
300000 9.63023
302500 9.82025
305000 10.0018
307500 10.2113
310000 10.3766
312500 10.4939
315000 10.7573
317500 10.998
320000 11.1098
322500 11.2764
325000 11.5211
327500 11.6799
330000 11.8361
332500 11.9215
335000 12.1708
337500 12.2472
340000 12.3816
342500 12.6027
345000 12.7498
347500 12.8125
350000 12.9625
352500 13.117
355000 13.3411
357500 13.4068
360000 13.5645
362500 13.7795
365000 13.9207
367500 13.9638
370000 13.9958
372500 14.3272
375000 14.4511
377500 14.5801
380000 14.6183
382500 14.8137
385000 14.8993
387500 14.5017
390000 14.0896
392500 13.7082
395000 13.4376
397500 13.0811
400000 12.8111
402500 12.4364
405000 12.1483
407500 11.8653
410000 11.6142
412500 11.3472
415000 11.0627
417500 10.8153
420000 10.5736
422500 10.3162
425000 10.0589
427500 9.81466
430000 9.57168
432500 9.33069
435000 9.09611
437500 8.88259
440000 8.64715
442500 8.43211
445000 8.20998
447500 8.01491
450000 7.81168
452500 7.60492
455000 7.40865
457500 7.20338
460000 7.00554
462500 6.82503
465000 6.63978
467500 6.45965
470000 6.2715
472500 6.09244
475000 5.90835
477500 5.72377
480000 5.59377
482500 5.41125
485000 5.24546
487500 5.0696
490000 4.87981
492500 4.71615
495000 4.54575
497500 4.38722
500000 4.21719
502500 4.0605
505000 3.90997
507500 3.76287
510000 3.60703
512500 3.46169
515000 3.30637
517500 3.15961
520000 3.01689
522500 2.87472
525000 2.73764
527500 2.59033
530000 2.45908
532500 2.3182
535000 2.19948
537500 2.0541
540000 1.91398
542500 1.79298
545000 1.67393
547500 1.55112
550000 1.42687
552500 1.29547
555000 1.17022
557500 1.04277
560000 0.928937
562500 0.812281
565000 0.685627
567500 0.578024
570000 0.472832
572500 0.685351
575000 0.892698
577500 1.08438
580000 1.27882
582500 1.45934
585000 1.62803
587500 1.79755
590000 1.97364
592500 2.14073
595000 2.29764
597500 2.43444
600000 2.60718
602500 2.76562
605000 2.91386
607500 3.05891
610000 3.19888
612500 3.33563
615000 3.44746
617500 3.56627
620000 3.6881
622500 3.7944
625000 3.9099
627500 4.01722
630000 4.13688
632500 4.23855
635000 4.38391
637500 4.46121
640000 4.5738
642500 4.68512
645000 4.78415
647500 4.91842
650000 5.0299
652500 5.08644
655000 5.20988
657500 5.32037
660000 5.40849
662500 5.48855
665000 5.5758
667500 5.71833
670000 5.82043
672500 5.92332
675000 6.0206
677500 6.08342
680000 6.17676
682500 6.27608
685000 6.36185
687500 6.4721
690000 6.55239
692500 6.6545
695000 6.74299
697500 6.87168
700000 6.9582
702500 7.03423
705000 7.14652
707500 7.22593
710000 7.31196
712500 7.34785
715000 7.45716
717500 7.55624
720000 7.65601
722500 7.75602
725000 7.83825
727500 7.92145
730000 7.94621
732500 8.03516
735000 8.15929
737500 8.19526
740000 8.30901
742500 8.36
745000 8.44134
747500 8.50314
750000 8.58429
752500 8.66035
755000 8.74542
757500 8.84606
760000 8.90058
762500 9.00608
765000 9.08196
767500 9.16348
770000 9.28891
772500 9.29026
775000 9.39157
777500 9.51738
780000 9.54369
782500 9.64382
785000 9.71792
787500 9.7887
790000 9.86514
792500 9.9377
795000 10.001
797500 10.0724
800000 10.1411
802500 10.1848
805000 10.2848
807500 10.3541
810000 10.4209
812500 10.4519
815000 10.5462
817500 10.5825
820000 10.6923
822500 10.747
825000 10.7579
827500 10.8207
830000 10.9421
832500 10.9487
835000 10.9853
837500 11.0802
840000 11.145
842500 11.2726
845000 11.3315
847500 11.388
850000 11.4463
852500 11.5054
855000 11.566
857500 11.6252
860000 11.6875
862500 11.74
865000 11.7834
867500 11.8686
870000 11.9321
872500 11.9878
875000 12.0449
877500 12.1061
880000 12.166
882500 12.1803
885000 12.2768
887500 12.3328
890000 12.3877
892500 12.401
895000 12.4972
897500 12.5534
900000 12.6074
902500 12.665
905000 12.7192
907500 12.775
910000 12.7924
912500 12.9021
915000 12.9408
917500 12.9917
920000 12.9988
922500 13.1654
925000 13.1019
927500 13.1558
930000 13.2485
932500 13.3068
935000 13.3611
937500 13.4104
940000 13.4663
942500 13.5208
945000 13.5742
947500 13.6262
950000 13.6741
952500 13.7325
955000 13.7383
957500 13.834
960000 13.8887
962500 14.0363
965000 14.071
967500 14.1187
970000 14.1651
972500 14.2024
975000 14.1722
977500 14.2176
980000 14.2127
982500 14.2628
985000 14.3547
987500 14.3835
990000 14.4551
992500 14.4985
995000 14.5416
997500 14.5301
1e+06 14.6341
