#! FIELDS time phi psi sigma_phi sigma_psi height logweight
#! SET action OPES_METAD_kernels
#! SET biasfactor       12.02723567113983
#! SET epsilon   2.008906066054403e-06
#! SET kernel_cutoff       5.122093366933648
#! SET compression_threshold                       1
#! SET min_phi -pi
#! SET max_phi pi
#! SET min_psi -pi
#! SET max_psi pi
                     10     -1.711317198294125     0.6917433674816875     0.5666250690802779     0.8831618222778654  5.979176556653382e-06     -12.02723567113983
                     11     -1.870557650121959      2.819905295443675     0.5309359471273297      0.828395646938093     0.0766066907723056     -2.698152848618739
                     12     -2.556530234264678      3.019691389047467     0.4610884134839514     0.7167154453464691      1.254464282760646    -0.1882369318346735
                     13     -1.171300598271676      1.732074762298288     0.4421298571321273     0.6849832575471618    0.06174045908572996     -3.287032045650859
                     14     -1.205722859363447      2.646976180373072     0.4161305753405412     0.6509700683874501     0.3446537662790311       -1.6789664358583
                     15     -2.824434135888951       2.11309119513967     0.3831764024751056     0.5980520790098701      2.129692593387877   -0.02506330150023367
                     16     -1.482700951406048    -0.5762752620317961     0.3720460746965724     0.5845739360891952   0.001758602899563342     -7.176548872688289
                     17     -2.201889505167317      2.665765145865241     0.3518573726262509     0.5544745781077171      3.885304862372326     0.4152340624244441
                     18     -1.264431546621904   -0.03859592662812172      0.343314631781077     0.5448085234408275   0.008666768914919942     -5.732391762774004
                     19     -1.429387096465529     0.2220894291017039     0.3347498846428315     0.5322507628379956    0.03698613665294374     -4.329927995913788
                     20     -1.452729664171008     0.2420459315287049     0.3259811500008586     0.5197957984547773     0.1204246658579545     -3.199669555654485
                   9990     -1.977718503550298    -0.8259862176858617    0.07908717086404864     0.1131777725305985    0.04674401658387223     -7.086772806679037
                   9991     -1.317432929295092     0.6973772738123927    0.07908025499602769     0.1131673162365847      658.6250112313202      2.466270715388678
                   9992     -2.800003974059204     -3.041471473147001    0.07907545219252894      0.113168287909669      108.5843943663576     0.6635919196962295
                   9993    -0.9782573744964593      1.093250772656637    0.07907195509694753     0.1131727762450101      52.19034721151314   -0.06904278656703862
                   9994      -1.64098894410719     0.1447097676308875    0.07906941288627159      0.113166618784495      41.69256515995443    -0.2937040858615414
                   9995     -1.130854142209254      1.159535486583621     0.0790618892473583     0.1131548518452269      314.8617611068136      1.727907642475386
                   9996     -1.100705543528748     0.2593660831425408    0.07905782820960924     0.1131474131030312      70.78462368594681     0.2352986428682898
                   9997     -2.706402171016077     0.1491415653302823    0.07905473621798866     0.1131418437545481      0.308845285408856     -5.199346311150215
                   9998     -1.359906909424441     0.7767201249699935    0.07905052933933421     0.1131349763319344      837.8283341149885      2.706267822922093
                   9999     -1.215115789182837     0.6327294436912245    0.07904291436174249      0.113123700732108      398.5451300837662      1.963079331895408
                  10000     -1.412145013356416      1.550362891752988     0.0790349654507176     0.1131113226598447      456.0756900917045      2.097707376742022
