# time  DeltaF
2500 3.1607
5000 22.9021
7500 6.39878
10000 0.156666
12500 9.41272
15000 15.3956
17500 19.994
20000 22.7903
22500 15.7508
25000 9.58739
27500 4.82702
30000 1.21218
32500 -1.72915
35000 -0.635678
37500 2.66896
40000 5.43171
42500 7.84679
45000 9.96229
47500 11.8794
50000 13.6041
52500 15.1755
55000 16.6458
57500 13.8278
60000 11.1468
62500 8.92483
65000 6.89099
67500 5.12907
70000 3.51102
72500 2.0554
75000 0.726376
77500 -0.51191
80000 -0.309009
82500 1.21647
85000 2.61519
87500 3.97083
90000 5.19924
92500 6.30213
95000 7.32756
97500 8.31665
100000 9.25983
102500 10.1976
105000 11.031
107500 11.8168
110000 12.6275
112500 13.3956
115000 14.111
117500 14.802
120000 15.4397
122500 16.1081
125000 16.7385
127500 17.3646
130000 17.9232
132500 18.4956
135000 19.0699
137500 19.5695
140000 18.8044
142500 17.4116
145000 16.1129
147500 14.9007
150000 13.7653
152500 12.729
155000 11.7903
157500 10.8226
160000 9.91629
162500 9.12558
165000 8.34981
167500 7.56606
170000 6.81955
172500 6.12085
175000 5.44128
177500 4.81299
180000 4.1963
182500 3.64882
185000 2.98313
187500 2.41092
190000 1.86364
192500 1.3432
195000 0.792149
197500 0.29846
200000 -0.157199
202500 -0.611098
205000 -0.641393
207500 -0.0170337
210000 0.614214
212500 1.21346
215000 1.74844
217500 2.30637
220000 2.82846
222500 3.34674
225000 3.84299
227500 4.35452
230000 4.82081
232500 5.2672
235000 5.70583
237500 6.12646
240000 6.53075
242500 6.9352
245000 7.30687
247500 7.72401
250000 8.11047
252500 8.50069
255000 8.88236
257500 9.2613
260000 9.60542
262500 9.93079
265000 10.2684
267500 10.6097
270000 10.9323
272500 11.2392
275000 11.5497
277500 11.8858
280000 12.2152
282500 12.5049
285000 12.7919
287500 13.0976
290000 13.3769
292500 13.6717
295000 13.9469
297500 14.2174
300000 14.4874
302500 14.7564
305000 15.0088
307500 15.2645
310000 15.5338
312500 15.7821
315000 16.0461
317500 16.3181
320000 16.5598
322500 16.8101
325000 17.0596
327500 17.2862
330000 17.5034
332500 17.7517
335000 17.9721
337500 18.1785
340000 18.4021
342500 18.625
345000 18.8322
347500 19.048
350000 19.249
352500 19.4592
355000 19.6596
357500 19.8436
360000 20.0464
362500 20.24
365000 20.441
367500 20.6113
370000 20.7945
372500 20.9719
375000 21.1349
377500 21.2945
380000 21.4509
382500 21.5955
385000 21.7532
387500 21.5165
390000 20.9953
392500 20.4507
395000 19.9252
397500 19.4192
400000 18.9104
402500 18.4174
405000 17.9802
407500 17.5134
410000 17.0332
412500 16.5712
415000 16.146
417500 15.7149
420000 15.3015
422500 14.893
425000 14.5025
427500 14.1132
430000 13.7385
432500 13.35
435000 12.9921
437500 12.6394
440000 12.2965
442500 11.9628
445000 11.6228
447500 11.2952
450000 10.961
452500 10.6409
455000 10.3284
457500 10.0324
460000 9.73772
462500 9.43942
465000 9.13963
467500 8.87134
470000 8.59059
472500 8.31267
475000 8.03829
477500 7.75886
480000 7.50593
482500 7.24142
485000 6.98512
487500 6.72466
490000 6.46752
492500 6.22125
495000 5.9814
497500 5.74581
500000 5.50148
502500 5.27874
505000 5.04775
507500 4.80612
510000 4.58557
512500 4.35049
515000 4.1414
517500 3.91984
520000 3.70498
522500 3.50038
525000 3.29071
527500 3.10147
530000 2.9069
532500 2.71361
535000 2.51964
537500 2.32476
540000 2.14173
542500 1.95776
545000 1.77566
547500 1.59129
550000 1.40616
552500 1.24977
555000 1.45981
557500 1.68357
560000 1.90632
562500 2.12187
565000 2.33441
567500 2.54171
570000 2.74585
572500 2.95162
575000 3.1534
577500 3.35782
580000 3.55368
582500 3.73684
585000 3.93556
587500 4.11288
590000 4.30615
592500 4.48733
595000 4.65886
597500 4.84181
600000 5.0099
602500 5.1813
605000 5.37247
607500 5.54021
610000 5.72055
612500 5.88843
615000 6.04688
617500 6.21587
620000 6.38111
622500 6.54587
625000 6.70698
627500 6.86893
630000 7.01503
632500 7.17237
635000 7.33435
637500 7.48965
640000 7.64289
642500 7.79433
645000 7.93737
647500 8.08188
650000 8.23353
652500 8.38141
655000 8.52783
657500 8.66421
660000 8.80399
662500 8.94877
665000 9.07532
667500 9.22482
670000 9.36506
672500 9.50577
675000 9.64322
677500 9.77343
680000 9.91013
682500 10.0378
685000 10.1675
687500 10.3016
690000 10.4431
692500 10.5676
695000 10.6893
697500 10.811
700000 10.9305
702500 11.056
705000 11.1719
707500 11.2988
710000 11.425
712500 11.5513
715000 11.6779
717500 11.7982
720000 11.9168
722500 12.0352
725000 12.1468
727500 12.2562
730000 12.3726
732500 12.4901
735000 12.6017
737500 12.7116
740000 12.8218
742500 12.9383
745000 13.0541
747500 13.1756
750000 13.2891
752500 13.4018
755000 13.5108
757500 13.6215
760000 13.7306
762500 13.84
765000 13.952
767500 14.0523
770000 14.1633
772500 14.2681
775000 14.3716
777500 14.4708
780000 14.5753
782500 14.6858
785000 14.7916
787500 14.896
790000 14.9929
792500 15.0901
795000 15.1939
797500 15.2971
800000 15.3961
802500 15.4936
805000 15.5915
807500 15.6841
810000 15.7849
812500 15.8856
815000 15.9786
817500 16.0713
820000 16.1742
822500 16.2679
825000 16.3665
827500 16.466
830000 16.5576
832500 16.6468
835000 16.7459
837500 16.8434
840000 16.937
842500 17.0256
845000 17.1161
847500 17.2096
850000 17.2997
852500 17.3853
855000 17.4759
857500 17.5652
860000 17.6506
862500 17.7403
865000 17.8298
867500 17.9207
870000 18.0128
872500 18.0965
875000 18.1791
877500 18.2667
880000 18.3576
882500 18.4357
885000 18.5184
887500 18.6023
890000 18.6893
892500 18.7716
895000 18.854
897500 18.9333
900000 19.0099
902500 19.0918
905000 19.1708
907500 19.2486
910000 19.033
912500 18.8098
915000 18.5927
917500 18.3583
920000 18.1383
922500 17.9244
925000 17.711
927500 17.4985
930000 17.2927
932500 17.096
935000 16.8944
937500 16.6947
940000 16.5021
942500 16.3099
945000 16.1093
947500 15.9207
950000 15.7351
952500 15.5466
955000 15.3512
957500 15.1782
960000 15.0051
962500 14.8346
965000 14.6638
967500 14.4934
970000 14.3147
972500 14.1384
975000 13.9703
977500 13.802
980000 13.6332
982500 13.4744
985000 13.3158
987500 13.1511
990000 12.9904
992500 12.8314
995000 12.6813
997500 12.5204
1e+06 12.3657
