# time  DeltaF
2500 1.04639
5000 2.1609
7500 2.28309
10000 1.32944
12500 1.83498
15000 2.12592
17500 2.33675
20000 2.50354
22500 2.52231
25000 2.52219
27500 2.51276
30000 2.30914
32500 1.56486
35000 1.33243
37500 1.48026
40000 1.64037
42500 1.77343
45000 1.88274
47500 1.97832
50000 2.06286
52500 2.13534
55000 2.20306
57500 2.20583
60000 2.20581
62500 2.20567
65000 2.2048
67500 2.20065
70000 2.18315
72500 2.12492
75000 1.98115
77500 1.73853
80000 1.61978
82500 1.67764
85000 1.74936
87500 1.82375
90000 1.89057
92500 1.94895
95000 2.00135
97500 2.05192
100000 2.09892
102500 2.14533
105000 2.18483
107500 2.22231
110000 2.26079
112500 2.2963
115000 2.32829
117500 2.35943
120000 2.38792
122500 2.41753
125000 2.44488
127500 2.47269
130000 2.49659
132500 2.52137
135000 2.54683
137500 2.56904
140000 2.57768
142500 2.57768
145000 2.57767
147500 2.57767
150000 2.57767
152500 2.57767
155000 2.57766
157500 2.57764
160000 2.57759
162500 2.57749
165000 2.5773
167500 2.5769
170000 2.57613
172500 2.57472
175000 2.57214
177500 2.5678
180000 2.56032
182500 2.54936
185000 2.52601
187500 2.4929
190000 2.44558
192500 2.38152
195000 2.28589
197500 2.18062
200000 2.06536
202500 1.93931
205000 1.86956
207500 1.88647
210000 1.90914
212500 1.93503
215000 1.96019
217500 1.98829
220000 2.01519
222500 2.04224
225000 2.06849
227500 2.09622
230000 2.12042
232500 2.1436
235000 2.16703
237500 2.18885
240000 2.20884
242500 2.22914
245000 2.24782
247500 2.26905
250000 2.2882
252500 2.30759
255000 2.32624
257500 2.34468
260000 2.36082
262500 2.37605
265000 2.39171
267500 2.40809
270000 2.42328
272500 2.43791
275000 2.4523
277500 2.46826
280000 2.48366
282500 2.49673
285000 2.50966
287500 2.52374
290000 2.53627
292500 2.5495
295000 2.56188
297500 2.57401
300000 2.58595
302500 2.5981
305000 2.60927
307500 2.62063
310000 2.63273
312500 2.6438
315000 2.65546
317500 2.66762
320000 2.67824
322500 2.68932
325000 2.70023
327500 2.71002
330000 2.71934
332500 2.73025
335000 2.73996
337500 2.74879
340000 2.7585
342500 2.76815
345000 2.77704
347500 2.7865
350000 2.79511
352500 2.80446
355000 2.81298
357500 2.82107
360000 2.83023
362500 2.83901
365000 2.84807
367500 2.85572
370000 2.86417
372500 2.87238
375000 2.88024
377500 2.88767
380000 2.89554
382500 2.90292
385000 2.91074
387500 2.91379
390000 2.91379
392500 2.91379
395000 2.91379
397500 2.91379
400000 2.91379
402500 2.91379
405000 2.91379
407500 2.91379
410000 2.91379
412500 2.91379
415000 2.91379
417500 2.91379
420000 2.91379
422500 2.91379
425000 2.91379
427500 2.91379
430000 2.91379
432500 2.91379
435000 2.91378
437500 2.91378
440000 2.91378
442500 2.91377
445000 2.91376
447500 2.91376
450000 2.91374
452500 2.91373
455000 2.91371
457500 2.91368
460000 2.91364
462500 2.9136
465000 2.91354
467500 2.91347
470000 2.91337
472500 2.91325
475000 2.91309
477500 2.91288
480000 2.91264
482500 2.91232
485000 2.91193
487500 2.91143
490000 2.91079
492500 2.91004
495000 2.90911
497500 2.90799
500000 2.90652
502500 2.90486
505000 2.90277
507500 2.9
510000 2.89693
512500 2.8928
515000 2.88843
517500 2.88279
520000 2.87623
522500 2.86875
525000 2.85945
527500 2.84984
530000 2.83815
532500 2.82466
535000 2.80843
537500 2.78977
540000 2.7693
542500 2.74578
545000 2.72045
547500 2.69104
550000 2.65832
552500 2.62627
555000 2.63583
557500 2.6465
560000 2.65755
562500 2.66828
565000 2.67904
567500 2.68984
570000 2.70035
572500 2.71116
575000 2.72169
577500 2.7326
580000 2.74303
582500 2.75237
585000 2.7629
587500 2.77201
590000 2.78219
592500 2.79158
595000 2.80031
597500 2.80977
600000 2.81845
602500 2.82722
605000 2.83723
607500 2.84557
610000 2.85493
612500 2.8633
615000 2.87119
617500 2.87984
620000 2.88824
622500 2.89641
625000 2.90455
627500 2.91255
630000 2.91972
632500 2.92752
635000 2.93558
637500 2.94319
640000 2.95066
642500 2.95791
645000 2.96486
647500 2.97173
650000 2.97918
652500 2.9863
655000 2.99338
657500 2.99985
660000 3.00648
662500 3.01342
665000 3.01935
667500 3.02658
670000 3.03325
672500 3.04
675000 3.04645
677500 3.05243
680000 3.05886
682500 3.06467
685000 3.07069
687500 3.07701
690000 3.08371
692500 3.08928
695000 3.09484
697500 3.10046
700000 3.10585
702500 3.11161
705000 3.11683
707500 3.12275
710000 3.12858
712500 3.13446
715000 3.14029
717500 3.14575
720000 3.15105
722500 3.15639
725000 3.16141
727500 3.16622
730000 3.17156
732500 3.17686
735000 3.1818
737500 3.18672
740000 3.19166
742500 3.19686
745000 3.20204
747500 3.20761
750000 3.21264
752500 3.21769
755000 3.22245
757500 3.22727
760000 3.23205
762500 3.23683
765000 3.24186
767500 3.24622
770000 3.25121
772500 3.25577
775000 3.26034
777500 3.26462
780000 3.26923
782500 3.27419
785000 3.27887
787500 3.28328
790000 3.28749
792500 3.29168
795000 3.29627
797500 3.30078
800000 3.30517
802500 3.30935
805000 3.31359
807500 3.31744
810000 3.3218
812500 3.32616
815000 3.33017
817500 3.33414
820000 3.33872
822500 3.34276
825000 3.34701
827500 3.35135
830000 3.35529
832500 3.359
835000 3.3633
837500 3.3676
840000 3.3717
842500 3.37544
845000 3.37924
847500 3.38324
850000 3.38713
852500 3.3908
855000 3.39467
857500 3.39848
860000 3.40205
862500 3.40595
865000 3.40981
867500 3.41366
870000 3.41765
872500 3.42117
875000 3.42463
877500 3.42843
880000 3.43233
882500 3.43565
885000 3.43922
887500 3.44276
890000 3.4466
892500 3.45016
895000 3.45367
897500 3.45704
900000 3.46028
902500 3.46376
905000 3.46716
907500 3.47048
910000 3.47062
912500 3.47062
915000 3.47062
917500 3.47062
920000 3.47062
922500 3.47062
925000 3.47062
927500 3.47062
930000 3.47062
932500 3.47062
935000 3.47062
937500 3.47062
940000 3.47062
942500 3.47062
945000 3.47061
947500 3.47061
950000 3.47061
952500 3.47061
955000 3.47061
957500 3.47061
960000 3.47061
962500 3.47061
965000 3.47061
967500 3.47061
970000 3.47061
972500 3.47061
975000 3.47061
977500 3.47061
980000 3.47061
982500 3.47061
985000 3.47061
987500 3.47061
990000 3.4706
992500 3.4706
995000 3.4706
997500 3.4706
1e+06 3.47059
