# time  DeltaF
2500 12.1659
5000 10.698
7500 -3.4465
10000 7.01992
12500 13.5882
15000 18.4922
17500 13.0598
20000 6.32306
22500 1.66645
25000 -1.67078
27500 -1.48371
30000 2.38498
32500 5.39535
35000 7.97727
37500 10.2943
40000 12.2747
42500 14.0464
45000 15.6544
47500 17.1083
50000 17.707
52500 14.2589
55000 11.5473
57500 9.25245
60000 7.16192
62500 5.36807
65000 3.61555
67500 2.17712
70000 0.870949
72500 -0.260544
75000 -1.39331
77500 -0.870797
80000 0.558302
82500 1.8833
85000 3.0835
87500 4.29712
90000 5.33089
92500 6.31797
95000 7.25488
97500 8.1327
100000 8.99422
102500 9.79226
105000 10.5201
107500 11.2192
110000 11.9193
112500 12.6007
115000 13.2281
117500 13.8803
120000 14.4904
122500 15.0882
125000 15.6706
127500 16.2009
130000 16.7093
132500 17.2223
135000 17.7091
137500 18.1812
140000 18.6324
142500 19.0459
145000 18.8058
147500 17.493
150000 16.3066
152500 15.1757
155000 14.1581
157500 13.1604
160000 12.2516
162500 11.3313
165000 10.5409
167500 9.72948
170000 8.9543
172500 8.20785
175000 7.55172
177500 6.8908
180000 6.2639
182500 5.62474
185000 5.06833
187500 4.48686
190000 3.95455
192500 3.41885
195000 2.92904
197500 2.44557
200000 1.93789
202500 1.46812
205000 1.02375
207500 0.615321
210000 0.962068
212500 1.48622
215000 1.9896
217500 2.48595
220000 2.95371
222500 3.41427
225000 3.87429
227500 4.29421
230000 4.71527
232500 5.11711
235000 5.51698
237500 5.91916
240000 6.31316
242500 6.682
245000 7.04553
247500 7.38393
250000 7.71046
252500 8.04279
255000 8.37451
257500 8.69914
260000 9.01345
262500 9.31153
265000 9.62106
267500 9.90317
270000 10.2005
272500 10.4931
275000 10.7836
277500 11.0709
280000 11.3558
282500 11.6422
285000 11.9222
287500 12.1767
290000 12.4337
292500 12.6856
295000 12.9301
297500 13.1757
300000 13.4301
302500 13.6705
305000 13.9094
307500 14.1368
310000 14.3699
312500 14.5968
315000 14.8217
317500 15.0532
320000 15.2593
322500 15.4875
325000 15.7098
327500 15.9194
330000 16.1385
332500 16.348
335000 16.5395
337500 16.7343
340000 16.922
342500 17.1148
345000 17.3071
347500 17.5051
350000 17.6945
352500 17.3448
355000 16.8264
357500 16.3216
360000 15.8378
362500 15.341
365000 14.914
367500 14.4687
370000 14.0508
372500 13.6223
375000 13.2028
377500 12.8072
380000 12.4197
382500 12.0356
385000 11.6569
387500 11.3146
390000 10.9712
392500 10.6286
395000 10.2711
397500 9.95095
400000 9.62644
402500 9.31651
405000 8.99021
407500 8.69109
410000 8.38803
412500 8.0958
415000 7.78601
417500 7.50553
420000 7.24416
422500 6.97174
425000 6.69095
427500 6.4327
430000 6.16257
432500 5.90302
435000 5.66939
437500 5.41804
440000 5.17604
442500 4.94482
445000 4.69431
447500 4.45402
450000 4.22108
452500 3.98546
455000 3.76195
457500 3.54413
460000 3.3257
462500 3.10936
465000 2.90615
467500 2.70368
470000 2.505
472500 2.29831
475000 2.11026
477500 2.04983
480000 2.26787
482500 2.49218
485000 2.70417
487500 2.91938
490000 3.12435
492500 3.32502
495000 3.52169
497500 3.73295
500000 3.93777
502500 4.12823
505000 4.33218
507500 4.52843
510000 4.72426
512500 4.90809
515000 5.09799
517500 5.28665
520000 5.46704
522500 5.64015
525000 5.80904
527500 5.99141
530000 6.16344
532500 6.34035
535000 6.50705
537500 6.67094
540000 6.83538
542500 6.99006
545000 7.15611
547500 7.32118
550000 7.4763
552500 7.62676
555000 7.79015
557500 7.93765
560000 8.08366
562500 8.23364
565000 8.38122
567500 8.53121
570000 8.67794
572500 8.80902
575000 8.94209
577500 9.08809
580000 9.23731
582500 9.37668
585000 9.50591
587500 9.64318
590000 9.77164
592500 9.90074
595000 10.0247
597500 10.1638
600000 10.3001
602500 10.4365
605000 10.5658
607500 10.6985
610000 10.8341
612500 10.9602
615000 11.0837
617500 11.2151
620000 11.3382
622500 11.4567
625000 11.5787
627500 11.6948
630000 11.8168
632500 11.9354
635000 12.0596
637500 12.1779
640000 12.2936
642500 12.4132
645000 12.5352
647500 12.6461
650000 12.7583
652500 12.8738
655000 12.9896
657500 13.1068
660000 13.2188
662500 13.3242
665000 13.4327
667500 13.5415
670000 13.6478
672500 13.7474
675000 13.8435
677500 13.5906
680000 13.3523
682500 13.1186
685000 12.8974
687500 12.6695
690000 12.4514
692500 12.2368
695000 12.0069
697500 11.7948
700000 11.5879
702500 11.3934
705000 11.1867
707500 10.9841
710000 10.7878
712500 10.5949
715000 10.404
717500 10.219
720000 10.0387
722500 9.86168
725000 9.69003
727500 9.5153
730000 9.33791
732500 9.16439
735000 9.00213
737500 8.84223
740000 8.68022
742500 8.51958
745000 8.35184
747500 8.18846
750000 8.02548
752500 7.86282
755000 7.70644
757500 7.54001
760000 7.39389
762500 7.23751
765000 7.08873
767500 6.95433
770000 6.80937
772500 6.65281
775000 6.50488
777500 6.36687
780000 6.22624
782500 6.09268
785000 5.95685
787500 5.80282
790000 5.6629
792500 5.52775
795000 5.39331
797500 5.26575
800000 5.13273
802500 5.00862
805000 4.8667
807500 4.7359
810000 4.60899
812500 4.47561
815000 4.34772
817500 4.22255
820000 4.09586
822500 3.96845
825000 3.85031
827500 3.73369
830000 3.6112
832500 3.49786
835000 3.38358
837500 3.27007
840000 3.14237
842500 3.03192
845000 2.92299
847500 2.79683
850000 2.68313
852500 2.56824
855000 2.45771
857500 2.34742
860000 2.23337
862500 2.12734
865000 2.01505
867500 1.91584
870000 1.81024
872500 1.70492
875000 1.60723
877500 1.5084
880000 1.39513
882500 1.29154
885000 1.18828
887500 1.08743
890000 0.983479
892500 0.892401
895000 0.794816
897500 0.693639
900000 0.588822
902500 0.488576
905000 0.392648
907500 0.285879
910000 0.198062
912500 0.296936
915000 0.417418
917500 0.543549
920000 0.670726
922500 0.799593
925000 0.924297
927500 1.04504
930000 1.16349
932500 1.28326
935000 1.4002
937500 1.51839
940000 1.63508
942500 1.75517
945000 1.87166
947500 1.99033
950000 2.10016
952500 2.21711
955000 2.33002
957500 2.43497
960000 2.53789
962500 2.64596
965000 2.76094
967500 2.87069
970000 2.97375
972500 3.08119
975000 3.17958
977500 3.28354
980000 3.38515
982500 3.48426
985000 3.58499
987500 3.68524
990000 3.78743
992500 3.88612
995000 3.9912
997500 4.09368
1e+06 4.18952
