# time  DeltaF
2500 10.807
5000 18.6157
7500 -1.12062
10000 5.71911
12500 13.7081
15000 19.2344
17500 22.724
20000 18.5893
22500 10.9467
25000 5.6274
27500 1.53071
30000 -1.65346
32500 -1.98017
35000 1.68686
37500 4.78522
40000 7.35485
42500 9.64027
45000 11.6391
47500 13.3819
50000 15.14
52500 16.6747
55000 18.1066
57500 19.4552
60000 16.5872
62500 13.8776
65000 11.4808
67500 9.33077
70000 7.48393
72500 5.80952
75000 4.24765
77500 2.77131
80000 1.47475
82500 0.316471
85000 -0.798567
87500 -1.87898
90000 -1.96945
92500 -0.594036
95000 0.720876
97500 2.03379
100000 3.20339
102500 4.26592
105000 5.3018
107500 6.22373
110000 7.15899
112500 8.06518
115000 8.88395
117500 9.64051
120000 10.4029
122500 11.1432
125000 11.8235
127500 12.4848
130000 13.1455
132500 13.7856
135000 14.4338
137500 15.0224
140000 15.5765
142500 16.1292
145000 16.7044
147500 17.248
150000 17.7489
152500 18.2377
155000 18.7335
157500 19.1848
160000 19.6413
162500 20.095
165000 20.4905
167500 20.5557
170000 19.3875
172500 18.1909
175000 17.064
177500 16.0396
180000 15.0989
182500 14.1469
185000 13.3035
187500 12.4515
190000 11.6202
192500 10.8774
195000 10.135
197500 9.43951
200000 8.76794
202500 8.08817
205000 7.50262
207500 6.87673
210000 6.29216
212500 5.74656
215000 5.20313
217500 4.68259
220000 4.15685
222500 3.64302
225000 3.16759
227500 2.70864
230000 2.23256
232500 1.79394
235000 1.33703
237500 0.918504
240000 0.511986
242500 0.106315
245000 0.500101
247500 1.00369
250000 1.46629
252500 1.95839
255000 2.4138
257500 2.8419
260000 3.27562
262500 3.73093
265000 4.15727
267500 4.5684
270000 4.99018
272500 5.36179
275000 5.74135
277500 6.10858
280000 6.45984
282500 6.80183
285000 7.1625
287500 7.50453
290000 7.84457
292500 8.15137
295000 8.46971
297500 8.77797
300000 9.08426
302500 9.37451
305000 9.68667
307500 9.9927
310000 10.2792
312500 10.5589
315000 10.845
317500 11.1253
320000 11.4029
322500 11.6547
325000 11.9201
327500 12.1707
330000 12.4223
332500 12.6889
335000 12.9519
337500 13.1914
340000 13.431
342500 13.6585
345000 13.9126
347500 14.1491
350000 14.3793
352500 14.6139
355000 14.8427
357500 15.066
360000 15.3019
362500 15.5258
365000 15.7433
367500 15.9575
370000 16.177
372500 16.3907
375000 16.5934
377500 16.7929
380000 16.993
382500 17.1968
385000 17.3915
387500 17.5845
390000 17.7891
392500 17.9804
395000 18.1779
397500 18.3711
400000 18.5521
402500 18.7358
405000 18.9235
407500 19.1077
410000 19.2831
412500 19.4585
415000 19.6239
417500 19.7855
420000 19.9549
422500 20.1164
425000 20.2869
427500 20.4545
430000 20.601
432500 20.7482
435000 20.904
437500 20.4773
440000 20.0169
442500 19.5367
445000 19.089
447500 18.6224
450000 18.1693
452500 17.7635
455000 17.3582
457500 16.9483
460000 16.5525
462500 16.1724
465000 15.7753
467500 15.4106
470000 15.0525
472500 14.6836
475000 14.3385
477500 13.9972
480000 13.6577
482500 13.3276
485000 13.0165
487500 12.6906
490000 12.3614
492500 12.0545
495000 11.7645
497500 11.4791
500000 11.1762
502500 10.8812
505000 10.6035
507500 10.3272
510000 10.0352
512500 9.7697
515000 9.51296
517500 9.25751
520000 8.98665
522500 8.7246
525000 8.49043
527500 8.24161
530000 7.99972
532500 7.76026
535000 7.52937
537500 7.31573
540000 7.08368
542500 6.86314
545000 6.62366
547500 6.39327
550000 6.17079
552500 5.94289
555000 5.74025
557500 5.51847
560000 5.30104
562500 5.10127
565000 4.89671
567500 4.70591
570000 4.50722
572500 4.31249
575000 4.12004
577500 3.92047
580000 3.73516
582500 3.55178
585000 3.3615
587500 3.17426
590000 2.98415
592500 2.80565
595000 2.61917
597500 2.4353
600000 2.264
602500 2.09196
605000 1.92804
607500 1.76637
610000 1.58492
612500 1.41738
615000 1.2518
617500 1.08914
620000 0.923282
622500 0.78124
625000 0.607017
627500 0.461317
630000 0.303103
632500 0.155924
635000 0.00480608
637500 -0.149386
640000 -0.280263
642500 -0.115848
645000 0.06837
647500 0.265783
650000 0.468336
652500 0.666625
655000 0.85111
657500 1.03455
660000 1.20645
662500 1.40211
665000 1.58523
667500 1.77103
670000 1.94788
672500 2.11568
675000 2.28602
677500 2.44818
680000 2.62521
682500 2.79924
685000 2.96181
687500 3.13016
690000 3.29264
692500 3.46717
695000 3.6154
697500 3.76807
700000 3.92856
702500 4.07494
705000 4.23338
707500 4.38558
710000 4.53973
712500 4.6905
715000 4.85366
717500 4.99999
720000 5.14862
722500 5.29102
725000 5.44618
727500 5.59199
730000 5.71685
732500 5.85759
735000 5.99556
737500 6.13655
740000 6.27388
742500 6.41363
745000 6.54746
747500 6.67242
750000 6.79939
752500 6.93882
755000 7.06928
757500 7.20048
760000 7.32929
762500 7.46104
765000 7.58758
767500 7.71234
770000 7.83817
772500 7.96774
775000 8.07792
777500 8.20598
780000 8.32208
782500 8.44049
785000 8.55949
787500 8.68323
790000 8.79775
792500 8.91462
795000 9.03387
797500 9.1577
800000 9.27142
802500 9.38244
805000 9.49285
807500 9.60751
810000 9.72389
812500 9.83239
815000 9.93913
817500 10.0493
820000 10.1619
822500 10.2757
825000 10.3831
827500 10.4928
830000 10.6001
832500 10.7043
835000 10.8041
837500 10.9066
840000 11.0162
842500 11.1184
845000 11.2269
847500 11.3314
850000 11.4303
852500 11.529
855000 11.6328
857500 11.7319
860000 11.8351
862500 11.9362
865000 12.0367
867500 12.1395
870000 12.2325
872500 12.3242
875000 12.4204
877500 12.5264
880000 12.6244
882500 12.7258
885000 12.8176
887500 12.9135
890000 13.0085
892500 13.0964
895000 13.1902
897500 13.2784
900000 13.37
902500 13.4584
905000 13.5534
907500 13.6417
910000 13.7366
912500 13.8272
915000 13.9156
917500 14.008
920000 14.0938
922500 14.1777
925000 14.2629
927500 14.3523
930000 14.4447
932500 14.531
935000 14.6178
937500 14.7043
940000 14.7909
942500 14.874
945000 14.9647
947500 15.0442
950000 15.1319
952500 15.224
955000 15.3124
957500 15.3922
960000 15.4769
962500 15.5619
965000 15.6407
967500 15.7213
970000 15.7988
972500 15.8818
975000 15.9595
977500 16.0447
980000 16.1219
982500 16.2052
985000 16.2843
987500 16.367
990000 16.2039
992500 16.0159
995000 15.8304
997500 15.6466
1e+06 15.4664
