# time  DeltaF
2500 12.8614
5000 5.87378
7500 14.7971
10000 19.2802
12500 19.8361
15000 9.36794
17500 3.9856
20000 0.180508
22500 -2.4237
25000 0.587136
27500 4.0667
30000 6.62651
32500 8.69403
35000 10.559
37500 12.0083
40000 13.2301
42500 14.4672
45000 15.531
47500 16.5099
50000 17.3539
52500 18.1683
55000 15.7308
57500 13.219
60000 11.2412
62500 9.61021
65000 8.11993
67500 6.86538
70000 5.53672
72500 4.51282
75000 3.46083
77500 2.49753
80000 1.55934
82500 0.722189
85000 0.0140426
87500 -0.698264
90000 -0.91768
92500 0.331601
95000 1.38322
97500 2.33816
100000 3.27539
102500 4.01814
105000 4.69255
107500 5.37183
110000 6.06644
112500 6.72051
115000 7.28255
117500 7.79249
120000 8.33672
122500 8.81538
125000 9.29267
127500 9.73956
130000 10.2036
132500 10.47
135000 10.861
137500 11.4345
140000 11.8411
142500 12.1732
145000 12.5072
147500 12.745
150000 13.0873
152500 13.4282
155000 13.7352
157500 14.0781
160000 14.4027
162500 14.8106
165000 14.9716
167500 15.4098
170000 15.5532
172500 15.923
175000 15.9638
177500 16.3157
180000 16.4669
182500 16.7994
185000 17.0337
187500 17.2563
190000 17.3124
192500 16.3912
195000 15.5674
197500 14.9293
200000 14.1028
202500 13.4417
205000 12.8111
207500 12.2819
210000 11.721
212500 11.1704
215000 10.6255
217500 10.0428
220000 9.60331
222500 9.1082
225000 8.67498
227500 8.22605
230000 7.79858
232500 7.38688
235000 7.00393
237500 6.59784
240000 6.23104
242500 5.85419
245000 5.45717
247500 5.11059
250000 4.79592
252500 4.44182
255000 4.12492
257500 3.80786
260000 3.4871
262500 3.17469
265000 2.88588
267500 2.59241
270000 2.29595
272500 2.02552
275000 1.73747
277500 1.44399
280000 1.75674
282500 2.11854
285000 2.47072
287500 2.77699
290000 3.07724
292500 3.36441
295000 3.68216
297500 3.9511
300000 4.22244
302500 4.43087
305000 4.69928
307500 4.93562
310000 5.18633
312500 5.42373
315000 5.65449
317500 5.89126
320000 6.11139
322500 6.34292
325000 6.57287
327500 6.83247
330000 7.03589
332500 7.24516
335000 7.42907
337500 7.5986
340000 7.7796
342500 7.96457
345000 8.14465
347500 8.28451
350000 8.45823
352500 8.6849
355000 8.86927
357500 9.03442
360000 9.21521
362500 9.3621
365000 9.443
367500 9.60395
370000 9.8521
372500 10.0098
375000 10.1084
377500 10.2611
380000 10.4062
382500 10.6302
385000 10.7982
387500 10.9438
390000 11.0724
392500 11.2058
395000 11.3256
397500 11.4876
400000 11.5988
402500 11.7504
405000 11.8818
407500 12.0128
410000 12.1222
412500 12.2737
415000 12.3897
417500 12.4382
420000 12.6465
422500 12.5502
425000 12.2188
427500 11.8881
430000 11.6156
432500 11.3405
435000 11.0846
437500 10.818
440000 10.5588
442500 10.3096
445000 10.1747
447500 9.93896
450000 9.70733
452500 9.48208
455000 9.25298
457500 8.96856
460000 8.75091
462500 8.54085
465000 8.32532
467500 8.16707
470000 7.97472
472500 7.73298
475000 7.54118
477500 7.34462
480000 7.14926
482500 6.95357
485000 6.76518
487500 6.59124
490000 6.40191
492500 6.26665
495000 6.1024
497500 5.89254
500000 5.71873
502500 5.55012
505000 5.3794
507500 5.22002
510000 5.04976
512500 4.92754
515000 4.73762
517500 4.60729
520000 4.42545
522500 4.26349
525000 4.14205
527500 3.99254
530000 3.84949
532500 3.71409
535000 3.55483
537500 3.43604
540000 3.29672
542500 3.15006
545000 2.98933
547500 2.86276
550000 2.72855
552500 2.61117
555000 2.46098
557500 2.35341
560000 2.21722
562500 2.07608
565000 1.94206
567500 1.80301
570000 1.69328
572500 1.57659
575000 1.45229
577500 1.32951
580000 1.21765
582500 1.09297
585000 0.984778
587500 0.879277
590000 0.77318
592500 0.654253
595000 0.539588
597500 0.4294
600000 0.316908
602500 0.212587
605000 0.101875
607500 -0.00664512
610000 -0.111505
612500 -0.205312
615000 -0.303924
617500 -0.101949
620000 0.0979331
622500 0.285929
625000 0.465117
627500 0.638747
630000 0.812614
632500 0.981174
635000 1.15021
637500 1.30709
640000 1.45929
642500 1.62355
645000 1.77341
647500 1.93089
650000 2.06033
652500 2.20608
655000 2.33656
657500 2.48158
660000 2.58167
662500 2.70435
665000 2.8248
667500 2.95202
670000 3.05084
672500 3.1728
675000 3.29441
677500 3.40512
680000 3.52087
682500 3.6376
685000 3.73693
687500 3.86477
690000 3.97569
692500 4.08865
695000 4.20725
697500 4.31992
700000 4.42661
702500 4.4995
705000 4.61393
707500 4.71353
710000 4.79936
712500 4.91416
715000 4.96691
717500 5.0803
720000 5.18983
722500 5.27976
725000 5.37884
727500 5.45188
730000 5.55426
732500 5.68867
735000 5.76927
737500 5.83218
740000 5.94664
742500 6.03801
745000 6.1298
747500 6.22102
750000 6.30671
752500 6.41094
755000 6.4948
757500 6.59526
760000 6.66421
762500 6.76433
765000 6.85154
767500 6.93551
770000 7.0212
772500 7.1074
775000 7.18951
777500 7.27352
780000 7.35974
782500 7.42495
785000 7.52278
787500 7.58495
790000 7.65176
792500 7.76437
795000 7.85079
797500 7.92944
800000 8.01628
802500 8.05302
805000 8.16489
807500 8.24388
810000 8.30217
812500 8.38937
815000 8.45702
817500 8.53365
820000 8.60778
822500 8.68722
825000 8.73036
827500 8.84905
830000 8.90468
832500 8.97225
835000 9.04251
837500 9.16138
840000 9.23423
842500 9.25506
845000 9.326
847500 9.38994
850000 9.45821
852500 9.4939
855000 9.5983
857500 9.66216
860000 9.78251
862500 9.85037
865000 9.90801
867500 9.97419
870000 10.0459
872500 10.1129
875000 10.1792
877500 10.1871
880000 10.2563
882500 10.3303
885000 10.3535
887500 10.4501
890000 10.5122
892500 10.5765
895000 10.6335
897500 10.7456
900000 10.7474
902500 10.8064
905000 10.8683
907500 10.9372
910000 11.0472
912500 11.0509
915000 11.1766
917500 11.2328
920000 11.2352
922500 11.2991
925000 11.3472
927500 11.403
930000 11.4591
932500 11.5774
935000 11.6331
937500 11.6261
940000 11.6801
942500 11.7293
945000 11.7931
947500 11.9153
950000 11.9627
952500 12.0157
955000 12.0746
957500 12.0597
960000 12.0658
962500 12.1763
965000 12.1732
967500 12.3465
970000 12.3462
972500 12.45
975000 12.4471
977500 12.5013
980000 12.6085
982500 12.6649
985000 12.7203
987500 12.7767
990000 12.8243
992500 12.8782
995000 12.8578
997500 12.9822
1e+06 12.9107
