# time  DeltaF
2500 1.24213
5000 2.24212
7500 2.13073
10000 0.743292
12500 1.26147
15000 1.58893
17500 1.81358
20000 2.00143
22500 2.14539
25000 2.15652
27500 2.15651
30000 2.15547
32500 2.12665
35000 1.86883
37500 1.30598
40000 1.0112
42500 1.08454
45000 1.23551
47500 1.37932
50000 1.49231
52500 1.59635
55000 1.67723
57500 1.75685
60000 1.82754
62500 1.89215
65000 1.95112
67500 2.00111
70000 2.05335
72500 2.10301
75000 2.14647
77500 2.18887
80000 2.22716
82500 2.23167
85000 2.23167
87500 2.23167
90000 2.23166
92500 2.23166
95000 2.23163
97500 2.23153
100000 2.2312
102500 2.23015
105000 2.22764
107500 2.22095
110000 2.20526
112500 2.25273
115000 2.30328
117500 2.35401
120000 2.39734
122500 2.43809
125000 2.47699
127500 2.51551
130000 2.55118
132500 2.58467
135000 2.61628
137500 2.64691
140000 2.67514
142500 2.70163
145000 2.72889
147500 2.7547
150000 2.7807
152500 2.80372
155000 2.82669
157500 2.84902
160000 2.8716
162500 2.89359
165000 2.91567
167500 2.93585
170000 2.9551
172500 2.96677
175000 2.96677
177500 2.96677
180000 2.96677
182500 2.96677
185000 2.96677
187500 2.96676
190000 2.96675
192500 2.96673
195000 2.96668
197500 2.96661
200000 2.96645
202500 2.9662
205000 2.96573
207500 2.96492
210000 2.96362
212500 2.96136
215000 2.95792
217500 2.95264
220000 2.94456
222500 2.93199
225000 2.91234
227500 2.88375
230000 2.84567
232500 2.78931
235000 2.72146
237500 2.63404
240000 2.53573
242500 2.42853
245000 2.31415
247500 2.17649
250000 2.10897
252500 2.12288
255000 2.14091
257500 2.16114
260000 2.18054
262500 2.20281
265000 2.22408
267500 2.24851
270000 2.27209
272500 2.29417
275000 2.31506
277500 2.33602
280000 2.35754
282500 2.3762
285000 2.3951
287500 2.41414
290000 2.43311
292500 2.45092
295000 2.46828
297500 2.48378
300000 2.49826
302500 2.51507
305000 2.5294
307500 2.54489
310000 2.56006
312500 2.57458
315000 2.58706
317500 2.60136
320000 2.61491
322500 2.6281
325000 2.64213
327500 2.6546
330000 2.66609
332500 2.67878
335000 2.69086
337500 2.7038
340000 2.71519
342500 2.72622
345000 2.73711
347500 2.74865
350000 2.75993
352500 2.77012
355000 2.78095
357500 2.79214
360000 2.80169
362500 2.81189
365000 2.82206
367500 2.83218
370000 2.84138
372500 2.8512
375000 2.86069
377500 2.87028
380000 2.87983
382500 2.88888
385000 2.89788
387500 2.9063
390000 2.91455
392500 2.92352
395000 2.93281
397500 2.94057
400000 2.94934
402500 2.95815
405000 2.96664
407500 2.97434
410000 2.98212
412500 2.98994
415000 2.9975
417500 3.00457
420000 3.00572
422500 3.00572
425000 3.00572
427500 3.00572
430000 3.00572
432500 3.00572
435000 3.00572
437500 3.00572
440000 3.00572
442500 3.00572
445000 3.00572
447500 3.00571
450000 3.00571
452500 3.00571
455000 3.00571
457500 3.0057
460000 3.0057
462500 3.00569
465000 3.00568
467500 3.00567
470000 3.00566
472500 3.00564
475000 3.00561
477500 3.00558
480000 3.00554
482500 3.00548
485000 3.00542
487500 3.00533
490000 3.00521
492500 3.00508
495000 3.00491
497500 3.00467
500000 3.00442
502500 3.00409
505000 3.00366
507500 3.00313
510000 3.00254
512500 3.00172
515000 3.00081
517500 2.99962
520000 2.99811
522500 2.99637
525000 2.99435
527500 2.99171
530000 2.98893
532500 2.9853
535000 2.98133
537500 2.97676
540000 2.97055
542500 2.96332
545000 2.95488
547500 2.9454
550000 2.93485
552500 2.9208
555000 2.90509
557500 2.88712
560000 2.86844
562500 2.84469
565000 2.82027
567500 2.79362
570000 2.76308
572500 2.73013
575000 2.69176
577500 2.65611
580000 2.62244
582500 2.63226
585000 2.64159
587500 2.65152
590000 2.66043
592500 2.67075
595000 2.68077
597500 2.69009
600000 2.70069
602500 2.71114
605000 2.72099
607500 2.73088
610000 2.74042
612500 2.74966
615000 2.75993
617500 2.77002
620000 2.77859
622500 2.78796
625000 2.79729
627500 2.80628
630000 2.81478
632500 2.82357
635000 2.83097
637500 2.83995
640000 2.84859
642500 2.8565
645000 2.86422
647500 2.87221
650000 2.8797
652500 2.88766
655000 2.89528
657500 2.90335
660000 2.91058
662500 2.91741
665000 2.92383
667500 2.93128
670000 2.93873
672500 2.94557
675000 2.95239
677500 2.95923
680000 2.96615
682500 2.97361
685000 2.9804
687500 2.98707
690000 2.99341
692500 2.99956
695000 3.00595
697500 3.01253
700000 3.01866
702500 3.02486
705000 3.03122
707500 3.03712
710000 3.0432
712500 3.04893
715000 3.05494
717500 3.06053
720000 3.06628
722500 3.07196
725000 3.07767
727500 3.08315
730000 3.08881
732500 3.09414
735000 3.09995
737500 3.10521
740000 3.11028
742500 3.11575
745000 3.1212
747500 3.12654
750000 3.13199
752500 3.13694
755000 3.14238
757500 3.14759
760000 3.15268
762500 3.15815
765000 3.16297
767500 3.16775
770000 3.17319
772500 3.17793
775000 3.18293
777500 3.18768
780000 3.19254
782500 3.19701
785000 3.2016
787500 3.20618
790000 3.21078
792500 3.21534
795000 3.21988
797500 3.22429
800000 3.22899
802500 3.23373
805000 3.23852
807500 3.24336
810000 3.24774
812500 3.251
815000 3.251
817500 3.251
820000 3.251
822500 3.251
825000 3.251
827500 3.25099
830000 3.25099
832500 3.25099
835000 3.25099
837500 3.25098
840000 3.25098
842500 3.25097
845000 3.25097
847500 3.25096
850000 3.25095
852500 3.25094
855000 3.25093
857500 3.25092
860000 3.25091
862500 3.25089
865000 3.25087
867500 3.25085
870000 3.25083
872500 3.2508
875000 3.25076
877500 3.25073
880000 3.25069
882500 3.25065
885000 3.25059
887500 3.25053
890000 3.25046
892500 3.25038
895000 3.25029
897500 3.25019
900000 3.25006
902500 3.24992
905000 3.24977
907500 3.24961
910000 3.24942
912500 3.24921
915000 3.24896
917500 3.24871
920000 3.24841
922500 3.24808
925000 3.24775
927500 3.24731
930000 3.24683
932500 3.24631
935000 3.24572
937500 3.24505
940000 3.24434
942500 3.24355
945000 3.24254
947500 3.24157
950000 3.24044
952500 3.23923
955000 3.23782
957500 3.23633
960000 3.23466
962500 3.23291
965000 3.23106
967500 3.22887
970000 3.22631
972500 3.2234
975000 3.2204
977500 3.21717
980000 3.21345
982500 3.20973
985000 3.20584
987500 3.20093
990000 3.19589
992500 3.19044
995000 3.18482
997500 3.17836
1e+06 3.17175
