# time  DeltaF
2500 5.46957
5000 6.12303
7500 5.81673
10000 6.14244
12500 6.82055
15000 7.54055
17500 8.09476
20000 8.09359
22500 8.07119
25000 7.91219
27500 7.54669
30000 7.00908
32500 7.0103
35000 7.01314
37500 7.02209
40000 7.03881
42500 7.06753
45000 7.10671
47500 7.17774
50000 7.24878
52500 7.32741
55000 7.41409
57500 7.4997
60000 7.59681
62500 7.74036
65000 7.8891
67500 8.01687
70000 8.10456
72500 8.20218
75000 8.32842
77500 8.39906
80000 8.39905
82500 8.39902
85000 8.39893
87500 8.39863
90000 8.39797
92500 8.39579
95000 8.39228
97500 8.3864
100000 8.37416
102500 8.35547
105000 8.32525
107500 8.28906
110000 8.2349
112500 8.16854
115000 8.08986
117500 7.99524
120000 7.88897
122500 7.7783
125000 7.65108
127500 7.52521
130000 7.3779
132500 7.24592
135000 7.08887
137500 6.95765
140000 6.95778
142500 6.95797
145000 6.95826
147500 6.9587
150000 6.95929
152500 6.96006
155000 6.9613
157500 6.96257
160000 6.96405
162500 6.96607
165000 6.96865
167500 6.97214
170000 6.97591
172500 6.98026
175000 6.98538
177500 6.99397
180000 7.00535
182500 7.01695
185000 7.02659
187500 7.04123
190000 7.05569
192500 7.07166
195000 7.09154
197500 7.10868
200000 7.13249
202500 7.15374
205000 7.18001
207500 7.21117
210000 7.24553
212500 7.27336
215000 7.30757
217500 7.34301
220000 7.38176
222500 7.42235
225000 7.45876
227500 7.50807
230000 7.55691
232500 7.60055
235000 7.65025
237500 7.6969
240000 7.74465
242500 7.79117
245000 7.8284
247500 7.86931
250000 7.91914
252500 7.96859
255000 8.02199
257500 8.07176
260000 8.12221
262500 8.16827
265000 8.21832
267500 8.26494
270000 8.31642
272500 8.37035
275000 8.41432
277500 8.45527
280000 8.49769
282500 8.53042
285000 8.5304
287500 8.53036
290000 8.53032
292500 8.53027
295000 8.53019
297500 8.53009
300000 8.52995
302500 8.52977
305000 8.52954
307500 8.52924
310000 8.5288
312500 8.52825
315000 8.52763
317500 8.52707
320000 8.52644
322500 8.52554
325000 8.52437
327500 8.52309
330000 8.52151
332500 8.5197
335000 8.51776
337500 8.51515
340000 8.51182
342500 8.50719
345000 8.50348
347500 8.49935
350000 8.49439
352500 8.48836
355000 8.48237
357500 8.47541
360000 8.46844
362500 8.46053
365000 8.44978
367500 8.43621
370000 8.42077
372500 8.40532
375000 8.39144
377500 8.37526
380000 8.35645
382500 8.33708
385000 8.31067
387500 8.28523
390000 8.26254
392500 8.23986
395000 8.20924
397500 8.1775
400000 8.1593
402500 8.1596
405000 8.15994
407500 8.16028
410000 8.16068
412500 8.16111
415000 8.16154
417500 8.16208
420000 8.16261
422500 8.16319
425000 8.16384
427500 8.16458
430000 8.1653
432500 8.16616
435000 8.16704
437500 8.16798
440000 8.16891
442500 8.16999
445000 8.17109
447500 8.17215
450000 8.17337
452500 8.17457
455000 8.17601
457500 8.17749
460000 8.17913
462500 8.18103
465000 8.1828
467500 8.18466
470000 8.18677
472500 8.18885
475000 8.1921
477500 8.19513
480000 8.1979
482500 8.20172
485000 8.2049
487500 8.20726
490000 8.20992
492500 8.21194
495000 8.2142
497500 8.2168
500000 8.21966
502500 8.22229
505000 8.2252
507500 8.22798
510000 8.23075
512500 8.23375
515000 8.23729
517500 8.24084
520000 8.24401
522500 8.24744
525000 8.25072
527500 8.25478
530000 8.25898
532500 8.26331
535000 8.26739
537500 8.27128
540000 8.27567
542500 8.27995
545000 8.2845
547500 8.28912
550000 8.29364
552500 8.29852
555000 8.3038
557500 8.30827
560000 8.31301
562500 8.31739
565000 8.32391
567500 8.32981
570000 8.33453
572500 8.33895
575000 8.34364
577500 8.34903
580000 8.35421
582500 8.35923
585000 8.36458
587500 8.37008
590000 8.37521
592500 8.38137
595000 8.38831
597500 8.39786
600000 8.40723
602500 8.41606
605000 8.42216
607500 8.42838
610000 8.43521
612500 8.44176
615000 8.44808
617500 8.45529
620000 8.46243
622500 8.46907
625000 8.47648
627500 8.48366
630000 8.49148
632500 8.49908
635000 8.50635
637500 8.51362
640000 8.52056
642500 8.53041
645000 8.5407
647500 8.54885
650000 8.55689
652500 8.56459
655000 8.57263
657500 8.58171
660000 8.58992
662500 8.59771
665000 8.60616
667500 8.61465
670000 8.62376
672500 8.63249
675000 8.64221
677500 8.65109
680000 8.66041
682500 8.67452
685000 8.68317
687500 8.6927
690000 8.70202
692500 8.71152
695000 8.72046
697500 8.73042
700000 8.74014
702500 8.74955
705000 8.75914
707500 8.76851
710000 8.77794
712500 8.78796
715000 8.79708
717500 8.80663
720000 8.81686
722500 8.82772
725000 8.83707
727500 8.84882
730000 8.85901
732500 8.8693
735000 8.8817
737500 8.89237
740000 8.90286
742500 8.91607
745000 8.92629
747500 8.92628
750000 8.92626
752500 8.92624
755000 8.92622
757500 8.9262
760000 8.92617
762500 8.92615
765000 8.92612
767500 8.92609
770000 8.92605
772500 8.92602
775000 8.92597
777500 8.92592
780000 8.92587
782500 8.92581
785000 8.92574
787500 8.92566
790000 8.92557
792500 8.92544
795000 8.92534
797500 8.92522
800000 8.92508
802500 8.92494
805000 8.92472
807500 8.92451
810000 8.92432
812500 8.9241
815000 8.92387
817500 8.92361
820000 8.92334
822500 8.92303
825000 8.92272
827500 8.92235
830000 8.92184
832500 8.92128
835000 8.92076
837500 8.92027
840000 8.91969
842500 8.91912
845000 8.91857
847500 8.91788
850000 8.91717
852500 8.91637
855000 8.91555
857500 8.91463
860000 8.91374
862500 8.91263
865000 8.91151
867500 8.91047
870000 8.90914
872500 8.90778
875000 8.90597
877500 8.90445
880000 8.90283
882500 8.90104
885000 8.89886
887500 8.89702
890000 8.89484
892500 8.89213
895000 8.88903
897500 8.88645
900000 8.88385
902500 8.88031
905000 8.87765
907500 8.87433
910000 8.87027
912500 8.86649
915000 8.86172
917500 8.85604
920000 8.85129
922500 8.84563
925000 8.84066
927500 8.8353
930000 8.82948
932500 8.82257
935000 8.81626
937500 8.80879
940000 8.7991
942500 8.78888
945000 8.77901
947500 8.77105
950000 8.763
952500 8.75498
955000 8.7451
957500 8.7357
960000 8.72678
962500 8.71723
965000 8.70751
967500 8.69651
970000 8.68687
972500 8.67641
975000 8.66518
977500 8.65229
980000 8.63943
982500 8.62517
985000 8.61406
987500 8.60187
990000 8.58787
992500 8.57463
995000 8.56041
997500 8.54646
1e+06 8.53303
