# time  DeltaF
2500 17.0392
5000 -0.899508
7500 6.89617
10000 13.5215
12500 17.373
15000 20.0033
17500 20.6784
20000 13.1483
22500 8.22304
25000 4.52171
27500 1.6406
30000 0.0544879
32500 3.32503
35000 5.43861
37500 7.40211
40000 9.02136
42500 10.4691
45000 11.7857
47500 12.947
50000 13.8956
52500 14.8176
55000 15.6221
57500 16.3534
60000 17.1079
62500 17.7741
65000 18.5669
67500 18.9335
70000 19.4069
72500 19.8324
75000 20.2586
77500 19.6512
80000 17.5586
82500 15.6778
85000 14.0156
87500 12.4195
90000 11.1285
92500 10.1215
95000 8.96856
97500 7.99965
100000 7.15787
102500 6.37016
105000 5.53317
107500 4.83779
110000 4.13128
112500 3.46378
115000 2.85038
117500 2.2322
120000 1.65187
122500 1.1233
125000 0.59551
127500 0.112252
130000 -0.402024
132500 -0.825949
135000 -1.22574
137500 -1.1376
140000 -0.30994
142500 0.406194
145000 1.05747
147500 1.73249
150000 2.32873
152500 2.88547
155000 3.44587
157500 3.95095
160000 4.40093
162500 4.86881
165000 5.32866
167500 5.78092
170000 6.19914
172500 6.59839
175000 6.97806
177500 7.34504
180000 7.80663
182500 8.10535
185000 8.46614
187500 8.80158
190000 9.13114
192500 9.44497
195000 9.77037
197500 10.091
200000 10.3442
202500 10.698
205000 10.9367
207500 11.2128
210000 11.4868
212500 11.7239
215000 11.9482
217500 12.1277
220000 12.4541
222500 12.6006
225000 12.9401
227500 13.1772
230000 13.3887
232500 13.6178
235000 13.8434
237500 14.0561
240000 14.2636
242500 14.4522
245000 14.5808
247500 14.8551
250000 15.0025
252500 15.2264
255000 15.4244
257500 15.5958
260000 15.7795
262500 15.9431
265000 16.119
267500 16.2831
270000 16.4693
272500 16.6602
275000 16.6558
277500 16.9554
280000 17.1318
282500 16.938
285000 16.3207
287500 15.771
290000 15.2569
292500 14.769
295000 14.3146
297500 13.8666
300000 13.4478
302500 13.0625
305000 12.6775
307500 12.2906
310000 11.9208
312500 11.495
315000 11.162
317500 10.7484
320000 10.4477
322500 10.1051
325000 9.7686
327500 9.46694
330000 9.16479
332500 8.86672
335000 8.5926
337500 8.29392
340000 8.07173
342500 7.74264
345000 7.47453
347500 7.21839
350000 6.96659
352500 6.71915
355000 6.48518
357500 6.24036
360000 6.01513
362500 5.79182
365000 5.6068
367500 5.37916
370000 5.15868
372500 4.90902
375000 4.72188
377500 4.49428
380000 4.28416
382500 4.10453
385000 3.89197
387500 3.70193
390000 3.50234
392500 3.29485
395000 3.12113
397500 2.94435
400000 2.95896
402500 3.21957
405000 3.48264
407500 3.69692
410000 3.92042
412500 4.14938
415000 4.3454
417500 4.55922
420000 4.74855
422500 4.93957
425000 5.10893
427500 5.3329
430000 5.49146
432500 5.71252
435000 5.88284
437500 6.03424
440000 6.21789
442500 6.38668
445000 6.53845
447500 6.6995
450000 6.82605
452500 6.99576
455000 7.15146
457500 7.30077
460000 7.45923
462500 7.61085
465000 7.72593
467500 7.87246
470000 8.05528
472500 8.19658
475000 8.32694
477500 8.47885
480000 8.6367
482500 8.81269
485000 8.83182
487500 9.02412
490000 9.09075
492500 9.21322
495000 9.3167
497500 9.43221
500000 9.55026
502500 9.65921
505000 9.73411
507500 9.85643
510000 9.94367
512500 10.0923
515000 10.2048
517500 10.3203
520000 10.3923
522500 10.5276
525000 10.6231
527500 10.6784
530000 10.8397
532500 10.9487
535000 11.0487
537500 11.1197
540000 11.2218
542500 11.3493
545000 11.3945
547500 11.4971
550000 11.6483
552500 11.7387
555000 11.8356
557500 11.885
560000 11.9706
562500 12.0608
565000 12.2242
567500 12.1864
570000 12.3335
572500 12.4137
575000 12.4984
577500 12.536
580000 12.681
582500 12.7624
585000 12.8459
587500 12.9267
590000 13.0056
592500 13.0975
595000 13.2531
597500 13.3453
600000 13.4298
602500 13.5082
605000 13.4384
607500 13.5891
610000 13.6753
612500 13.7564
615000 13.8351
617500 13.8462
620000 14.0039
622500 14.0771
625000 14.1566
627500 14.2308
630000 14.3109
632500 14.3853
635000 14.3865
637500 14.4587
640000 14.5264
642500 14.6822
645000 14.7521
647500 14.8251
650000 14.8976
652500 14.9667
655000 15.0318
657500 15.1057
660000 15.1704
662500 15.1487
665000 15.3016
667500 15.3713
670000 15.441
672500 15.5079
675000 15.5806
677500 15.6459
680000 15.8119
682500 15.783
685000 15.8476
687500 15.9152
690000 15.9792
692500 16.0436
695000 16.108
697500 16.1759
700000 16.2391
702500 16.3018
705000 16.3627
707500 16.4256
710000 16.4863
712500 16.4536
715000 16.607
717500 16.6665
720000 16.727
722500 16.7903
725000 16.8446
727500 16.9109
730000 16.9711
732500 17.026
735000 17.1874
737500 17.1374
740000 17.1968
742500 17.3607
745000 17.3102
747500 17.1044
750000 16.8133
752500 16.5853
755000 16.4044
757500 16.1207
760000 15.8225
762500 15.6076
765000 15.4294
767500 15.1922
770000 14.9962
772500 14.8168
775000 14.6235
777500 14.4488
780000 14.2696
782500 14.104
785000 13.9729
787500 13.8035
790000 13.6973
792500 13.425
795000 13.2928
797500 13.1327
800000 12.968
802500 12.8185
805000 12.6982
807500 12.493
810000 12.3467
812500 12.1985
815000 12.0843
817500 11.9151
820000 11.7713
822500 11.6247
825000 11.4899
827500 11.3456
830000 11.2661
832500 11.1328
835000 10.9344
837500 10.8025
840000 10.6588
842500 10.5231
845000 10.4067
847500 10.2714
850000 10.1415
852500 10.0132
855000 9.88354
857500 9.75581
860000 9.63543
862500 9.51481
865000 9.38681
867500 9.29282
870000 9.15305
872500 9.0887
875000 8.97252
877500 8.81526
880000 8.69445
882500 8.58827
885000 8.47035
887500 8.40221
890000 8.2448
892500 8.18207
895000 8.06656
897500 7.91986
900000 7.8567
902500 7.70032
905000 7.59412
907500 7.47878
910000 7.3745
912500 7.31801
915000 7.20515
917500 7.08573
920000 6.98634
922500 6.87872
925000 6.78955
927500 6.69466
930000 6.6037
932500 6.49848
935000 6.39719
937500 6.342
940000 6.25127
942500 6.15887
945000 6.0697
947500 5.93741
950000 5.84531
952500 5.75201
955000 5.64798
957500 5.55183
960000 5.46355
962500 5.3728
965000 5.2856
967500 5.18448
970000 5.10749
972500 5.01841
975000 4.92988
977500 4.84301
980000 4.78178
982500 4.67873
985000 4.60036
987500 4.51496
990000 4.42341
992500 4.34262
995000 4.25282
997500 4.17252
1e+06 4.09554
