# time  DeltaF
2500 19.0558
5000 12.4955
7500 7.9141
10000 4.39695
12500 1.67963
15000 0.163544
17500 -0.641961
20000 -1.17015
22500 -1.48314
25000 -1.05073
27500 -0.617939
30000 -0.257195
32500 0.0492226
35000 0.318843
37500 0.566515
40000 0.774261
42500 0.94985
45000 1.10894
47500 1.24989
50000 1.37689
52500 1.4847
55000 1.58288
57500 1.67006
60000 1.75081
62500 1.82284
65000 1.89021
67500 1.95636
70000 2.01703
72500 2.07804
75000 2.13223
77500 2.18787
80000 2.23903
82500 2.28533
85000 2.3264
87500 2.37555
90000 2.41753
92500 2.45896
95000 2.49909
97500 2.53481
100000 2.56933
102500 2.59826
105000 2.62567
107500 2.65198
110000 2.67997
112500 2.70398
115000 2.72859
117500 2.75416
120000 2.77814
122500 2.80084
125000 2.82453
127500 2.84734
130000 2.86886
132500 2.89012
135000 2.91134
137500 2.93163
140000 2.95312
142500 2.97312
145000 2.99182
147500 3.01265
150000 3.03134
152500 3.05143
155000 3.07068
157500 3.08931
160000 3.10676
162500 3.12403
165000 3.14113
167500 3.15911
170000 3.17568
172500 3.1922
175000 3.20848
177500 3.22473
180000 3.24085
182500 3.25635
185000 3.27186
187500 3.28619
190000 3.30177
192500 3.3167
195000 3.33174
197500 3.34643
200000 3.3606
202500 3.3734
205000 3.38732
207500 3.39934
210000 3.41306
212500 3.42585
215000 3.43848
217500 3.45081
220000 3.46332
222500 3.47597
225000 3.48847
227500 3.49996
230000 3.5117
232500 3.52271
235000 3.53343
237500 3.54551
240000 3.55765
242500 3.56869
245000 3.58029
247500 3.59097
250000 3.60123
252500 3.61187
255000 3.62278
257500 3.63303
260000 3.6435
262500 3.65293
265000 3.66282
267500 3.67219
270000 3.68187
272500 3.69111
275000 3.70066
277500 3.7106
280000 3.72043
282500 3.73035
285000 3.74061
287500 3.7492
290000 3.75815
292500 3.76731
295000 3.7761
297500 3.78458
300000 3.79399
302500 3.80247
305000 3.81106
307500 3.81937
310000 3.82871
312500 3.83733
315000 3.84536
317500 3.85394
320000 3.86194
322500 3.87004
325000 3.87828
327500 3.88665
330000 3.89529
332500 3.90302
335000 3.91082
337500 3.91879
340000 3.9267
342500 3.93415
345000 3.9422
347500 3.95019
350000 3.95768
352500 3.96513
355000 3.97242
357500 3.97938
360000 3.98676
362500 3.99403
365000 4.00099
367500 4.00794
370000 4.01504
372500 4.0217
375000 4.02826
377500 4.03544
380000 4.04244
382500 4.04919
385000 4.05582
387500 4.06281
390000 4.0698
392500 4.07709
395000 4.08341
397500 4.09007
400000 4.0969
402500 4.10325
405000 4.1098
407500 4.11596
410000 4.12204
412500 4.12825
415000 4.13418
417500 4.13997
420000 4.14605
422500 4.15182
425000 4.15797
427500 4.16454
430000 4.17056
432500 4.17651
435000 4.18253
437500 4.1887
440000 4.19413
442500 4.2002
445000 4.20611
447500 4.21165
450000 4.21728
452500 4.22266
455000 4.22768
457500 4.23358
460000 4.23918
462500 4.24492
465000 4.25042
467500 4.2561
470000 4.26161
472500 4.26698
475000 4.2724
477500 4.27814
480000 4.28336
482500 4.28929
485000 4.29436
487500 4.29945
490000 4.3046
492500 4.30939
495000 4.31428
497500 4.31967
500000 4.32499
502500 4.32998
505000 4.33525
507500 4.34055
510000 4.34586
512500 4.35065
515000 4.35567
517500 4.36079
520000 4.36587
522500 4.37075
525000 4.37556
527500 4.38073
530000 4.3856
532500 4.39073
535000 4.39559
537500 4.40031
540000 4.40506
542500 4.40952
545000 4.4142
547500 4.41919
550000 4.42406
552500 4.42852
555000 4.43348
557500 4.43802
560000 4.44227
562500 4.44689
565000 4.45148
567500 4.45604
570000 4.46082
572500 4.46491
575000 4.46905
577500 4.47352
580000 4.47816
582500 4.48265
585000 4.48678
587500 4.49114
590000 4.49532
592500 4.49948
595000 4.5032
597500 4.50765
600000 4.51203
602500 4.51627
605000 4.52055
607500 4.52501
610000 4.52938
612500 4.53354
615000 4.53765
617500 4.5421
620000 4.54608
622500 4.55012
625000 4.55428
627500 4.55825
630000 4.56242
632500 4.56642
635000 4.57082
637500 4.5748
640000 4.57882
642500 4.58284
645000 4.58705
647500 4.59095
650000 4.59479
652500 4.59874
655000 4.60257
657500 4.60668
660000 4.61066
662500 4.61421
665000 4.61805
667500 4.62193
670000 4.62557
672500 4.62912
675000 4.63294
677500 4.63662
680000 4.64023
682500 4.64387
685000 4.6476
687500 4.65148
690000 4.655
692500 4.65862
695000 4.66222
697500 4.66583
700000 4.66932
702500 4.67283
705000 4.67642
707500 4.68011
710000 4.6838
712500 4.6873
715000 4.69094
717500 4.69465
720000 4.69807
722500 4.70157
725000 4.7049
727500 4.7085
730000 4.71186
732500 4.71533
735000 4.71862
737500 4.72203
740000 4.72547
742500 4.72902
745000 4.73251
747500 4.73593
750000 4.73958
752500 4.74307
755000 4.74631
757500 4.74994
760000 4.75324
762500 4.7565
765000 4.75962
767500 4.76309
770000 4.76639
772500 4.76962
775000 4.77272
777500 4.776
780000 4.77931
782500 4.78256
785000 4.78584
787500 4.78901
790000 4.79215
792500 4.79553
795000 4.79876
797500 4.80189
800000 4.80503
802500 4.80832
805000 4.8117
807500 4.81485
810000 4.81772
812500 4.82076
815000 4.82374
817500 4.82677
820000 4.8298
822500 4.83293
825000 4.83614
827500 4.83943
830000 4.84271
832500 4.84578
835000 4.84872
837500 4.85194
840000 4.85502
842500 4.85812
845000 4.86099
847500 4.86396
850000 4.86708
852500 4.87014
855000 4.87287
857500 4.87555
860000 4.87839
862500 4.88165
865000 4.88475
867500 4.88762
870000 4.89089
872500 4.89369
875000 4.8967
877500 4.89974
880000 4.90235
882500 4.90522
885000 4.90816
887500 4.9112
890000 4.91412
892500 4.91695
895000 4.92007
897500 4.92298
900000 4.92594
902500 4.92883
905000 4.93152
907500 4.93415
910000 4.93666
912500 4.93938
915000 4.94213
917500 4.94498
920000 4.94774
922500 4.95053
925000 4.95332
927500 4.95603
930000 4.95872
932500 4.96136
935000 4.96395
937500 4.9666
940000 4.96938
942500 4.97222
945000 4.97483
947500 4.97753
950000 4.98003
952500 4.98287
955000 4.9856
957500 4.98818
960000 4.99062
962500 4.99316
965000 4.99599
967500 4.9988
970000 5.00135
972500 5.00393
975000 5.00635
977500 5.0089
980000 5.01142
982500 5.01391
985000 5.01655
987500 5.01901
990000 5.02001
992500 5.01725
995000 5.01436
997500 5.0116
1e+06 5.00889
