# time  DeltaF
2500 1.9707
5000 2.56571
7500 2.17339
10000 2.68855
12500 2.98601
15000 3.16567
17500 3.16563
20000 3.14952
22500 2.46811
25000 1.2478
27500 1.27934
30000 1.49931
32500 1.67887
35000 1.8252
37500 1.93984
40000 2.03771
42500 2.1305
45000 2.21153
47500 2.27927
50000 2.32128
52500 2.32128
55000 2.32127
57500 2.32123
60000 2.32092
62500 2.31875
65000 2.3079
67500 2.26292
70000 2.12906
72500 1.88943
75000 1.58973
77500 1.48915
80000 1.54235
82500 1.61369
85000 1.6908
87500 1.75993
90000 1.82235
92500 1.88179
95000 1.93761
97500 1.98545
100000 2.03077
102500 2.07452
105000 2.11839
107500 2.15504
110000 2.19314
112500 2.23015
115000 2.25925
117500 2.29048
120000 2.31788
122500 2.34669
125000 2.3735
127500 2.40096
130000 2.42914
132500 2.45545
135000 2.47956
137500 2.50174
140000 2.52425
142500 2.54678
145000 2.56962
147500 2.59038
150000 2.59154
152500 2.59154
155000 2.59154
157500 2.59154
160000 2.59154
162500 2.59154
165000 2.59154
167500 2.59154
170000 2.59153
172500 2.59151
175000 2.59147
177500 2.5914
180000 2.59126
182500 2.59099
185000 2.59051
187500 2.58963
190000 2.58807
192500 2.58544
195000 2.58094
197500 2.57376
200000 2.56167
202500 2.5449
205000 2.51769
207500 2.47673
210000 2.41966
212500 2.35231
215000 2.25929
217500 2.1536
220000 2.04885
222500 1.92855
225000 1.80948
227500 1.69543
230000 1.59541
232500 1.51244
235000 1.51889
237500 1.52968
240000 1.54268
242500 1.55912
245000 1.57753
247500 1.60018
250000 1.62482
252500 1.64894
255000 1.67436
257500 1.70003
260000 1.72387
262500 1.74819
265000 1.77105
267500 1.79328
270000 1.81475
272500 1.8345
275000 1.85558
277500 1.87643
280000 1.8944
282500 1.91363
285000 1.93261
287500 1.95033
290000 1.96767
292500 1.98351
295000 2.00114
297500 2.01728
300000 2.03278
302500 2.04759
305000 2.06224
307500 2.07681
310000 2.09081
312500 2.10387
315000 2.11743
317500 2.13056
320000 2.14309
322500 2.15597
325000 2.16919
327500 2.18192
330000 2.19357
332500 2.20628
335000 2.21796
337500 2.22923
340000 2.24022
342500 2.25188
345000 2.26343
347500 2.27455
350000 2.28521
352500 2.29537
355000 2.30476
357500 2.31558
360000 2.32554
362500 2.33533
365000 2.34482
367500 2.34972
370000 2.34972
372500 2.34972
375000 2.34972
377500 2.34971
380000 2.34971
382500 2.34971
385000 2.34971
387500 2.34971
390000 2.3497
392500 2.3497
395000 2.34969
397500 2.34968
400000 2.34967
402500 2.34965
405000 2.34963
407500 2.3496
410000 2.34956
412500 2.3495
415000 2.34943
417500 2.34934
420000 2.34921
422500 2.34905
425000 2.34884
427500 2.34856
430000 2.34819
432500 2.34774
435000 2.3472
437500 2.34656
440000 2.34562
442500 2.3445
445000 2.34297
447500 2.34122
450000 2.33898
452500 2.3362
455000 2.33285
457500 2.32895
460000 2.32435
462500 2.31853
465000 2.3112
467500 2.30315
470000 2.29346
472500 2.28251
475000 2.26853
477500 2.25305
480000 2.23586
482500 2.21287
485000 2.18867
487500 2.16394
490000 2.13376
492500 2.10014
495000 2.06592
497500 2.02606
500000 1.98977
502500 1.94974
505000 1.9054
507500 1.88017
510000 1.88781
512500 1.89618
515000 1.90581
517500 1.9154
520000 1.92588
522500 1.93579
525000 1.9475
527500 1.95837
530000 1.96945
532500 1.98086
535000 1.99202
537500 2.00407
540000 2.01568
542500 2.02722
545000 2.03879
547500 2.04963
550000 2.06049
552500 2.07106
555000 2.08164
557500 2.09171
560000 2.10192
562500 2.11202
565000 2.12297
567500 2.13247
570000 2.14082
572500 2.14998
575000 2.15932
577500 2.16801
580000 2.17709
582500 2.18529
585000 2.19471
587500 2.20337
590000 2.21176
592500 2.22007
595000 2.22852
597500 2.23679
600000 2.24454
602500 2.25327
605000 2.26069
607500 2.269
610000 2.27711
612500 2.28471
615000 2.29237
617500 2.29927
620000 2.30654
622500 2.31424
625000 2.3215
627500 2.32877
630000 2.33562
632500 2.34334
635000 2.35046
637500 2.35769
640000 2.3646
642500 2.37157
645000 2.37815
647500 2.38484
650000 2.39143
652500 2.39773
655000 2.40424
657500 2.41026
660000 2.41698
662500 2.42374
665000 2.43008
667500 2.43657
670000 2.44307
672500 2.44931
675000 2.45524
677500 2.46098
680000 2.4666
682500 2.47228
685000 2.47849
687500 2.4835
690000 2.48939
692500 2.49539
695000 2.50107
697500 2.50639
700000 2.51163
702500 2.51695
705000 2.52266
707500 2.52805
710000 2.53339
712500 2.5386
715000 2.54377
717500 2.54923
720000 2.55411
722500 2.55916
725000 2.56399
727500 2.56882
730000 2.57391
732500 2.57905
735000 2.58437
737500 2.58916
740000 2.59355
742500 2.59826
745000 2.60316
747500 2.60818
750000 2.61277
752500 2.61764
755000 2.6225
757500 2.62701
760000 2.63147
762500 2.63612
765000 2.64052
767500 2.64554
770000 2.65011
772500 2.65427
775000 2.65897
777500 2.66317
780000 2.66745
782500 2.67171
785000 2.67614
787500 2.68084
790000 2.68555
792500 2.69006
795000 2.69385
797500 2.69804
800000 2.70215
802500 2.70621
805000 2.7104
807500 2.71425
810000 2.7183
812500 2.72243
815000 2.72617
817500 2.73005
820000 2.73399
822500 2.73795
825000 2.742
827500 2.74594
830000 2.74973
832500 2.75372
835000 2.75762
837500 2.76168
840000 2.7646
842500 2.7646
845000 2.7646
847500 2.7646
850000 2.7646
852500 2.7646
855000 2.7646
857500 2.7646
860000 2.7646
862500 2.7646
865000 2.7646
867500 2.7646
870000 2.7646
872500 2.7646
875000 2.7646
877500 2.7646
880000 2.76459
882500 2.76459
885000 2.76459
887500 2.76459
890000 2.76459
892500 2.76459
895000 2.76459
897500 2.76459
900000 2.76459
902500 2.76459
905000 2.76459
907500 2.76459
910000 2.76459
912500 2.76459
915000 2.76459
917500 2.76458
920000 2.76458
922500 2.76458
925000 2.76458
927500 2.76458
930000 2.76457
932500 2.76457
935000 2.76456
937500 2.76456
940000 2.76455
942500 2.76455
945000 2.76454
947500 2.76453
950000 2.76452
952500 2.76451
955000 2.7645
957500 2.76449
960000 2.76447
962500 2.76445
965000 2.76444
967500 2.76441
970000 2.76439
972500 2.76436
975000 2.76433
977500 2.76429
980000 2.76425
982500 2.76421
985000 2.76416
987500 2.7641
990000 2.76404
992500 2.76397
995000 2.76389
997500 2.76381
1e+06 2.7637
