# time  DeltaF
2500 9.02948
5000 8.85883
7500 7.6974
10000 7.79143
12500 8.15045
15000 8.42785
17500 8.66
20000 8.65939
22500 8.64277
25000 8.46694
27500 8.03082
30000 7.41771
32500 7.41863
35000 7.42175
37500 7.42993
40000 7.44874
42500 7.49392
45000 7.55595
47500 7.62147
50000 7.74736
52500 7.88471
55000 7.99684
57500 8.14095
60000 8.3352
62500 8.56101
65000 8.76769
67500 8.96354
70000 9.1525
72500 9.29745
75000 9.29742
77500 9.29726
80000 9.29667
82500 9.29505
85000 9.29198
87500 9.28476
90000 9.27085
92500 9.24819
95000 9.21947
97500 9.15572
100000 9.07807
102500 8.98389
105000 8.85274
107500 8.71264
110000 8.47934
112500 8.25055
115000 8.07459
117500 7.91314
120000 7.73286
122500 7.54666
125000 7.29889
127500 7.06319
130000 6.86864
132500 6.86268
135000 6.86276
137500 6.86287
140000 6.86305
142500 6.86329
145000 6.86361
147500 6.86405
150000 6.86463
152500 6.86532
155000 6.86628
157500 6.86748
160000 6.86877
162500 6.87036
165000 6.87236
167500 6.87483
170000 6.87762
172500 6.88126
175000 6.88477
177500 6.88908
180000 6.8936
182500 6.89871
185000 6.90438
187500 6.91084
190000 6.91738
192500 6.92451
195000 6.93233
197500 6.94159
200000 6.95062
202500 6.96326
205000 6.97458
207500 6.99124
210000 7.00499
212500 7.01948
215000 7.04012
217500 7.05517
220000 7.06988
222500 7.08968
225000 7.1069
227500 7.13449
230000 7.16162
232500 7.19017
235000 7.21795
237500 7.24082
240000 7.26789
242500 7.29817
245000 7.32143
247500 7.34364
250000 7.38368
252500 7.41964
255000 7.4467
257500 7.47119
260000 7.47673
262500 7.47672
265000 7.4767
267500 7.47668
270000 7.47665
272500 7.47661
275000 7.47655
277500 7.47648
280000 7.47639
282500 7.47626
285000 7.47612
287500 7.47592
290000 7.47565
292500 7.47537
295000 7.47498
297500 7.47451
300000 7.47378
302500 7.47282
305000 7.472
307500 7.47063
310000 7.46956
312500 7.46814
315000 7.46596
317500 7.46414
320000 7.46182
322500 7.45883
325000 7.45555
327500 7.45109
330000 7.44724
332500 7.44291
335000 7.43844
337500 7.4328
340000 7.42657
342500 7.42005
345000 7.41234
347500 7.40112
350000 7.38919
352500 7.37822
355000 7.36224
357500 7.34843
360000 7.33009
362500 7.3111
365000 7.29235
367500 7.27455
370000 7.25628
372500 7.23205
375000 7.20913
377500 7.18315
380000 7.16257
382500 7.13365
385000 7.11298
387500 7.08118
390000 7.07889
392500 7.07897
395000 7.07904
397500 7.07912
400000 7.07922
402500 7.07933
405000 7.07943
407500 7.07957
410000 7.07978
412500 7.08001
415000 7.08028
417500 7.08057
420000 7.0809
422500 7.08125
425000 7.08164
427500 7.08202
430000 7.08242
432500 7.08282
435000 7.08333
437500 7.08381
440000 7.08439
442500 7.08505
445000 7.08579
447500 7.08632
450000 7.08678
452500 7.08727
455000 7.0878
457500 7.08841
460000 7.08902
462500 7.08962
465000 7.09027
467500 7.09098
470000 7.09185
472500 7.09314
475000 7.09444
477500 7.09578
480000 7.09717
482500 7.09871
485000 7.10014
487500 7.10124
490000 7.10246
492500 7.1036
495000 7.1047
497500 7.10622
500000 7.10811
502500 7.10997
505000 7.11148
507500 7.11295
510000 7.1144
512500 7.1162
515000 7.11908
517500 7.12174
520000 7.1244
522500 7.12774
525000 7.13037
527500 7.13322
530000 7.136
532500 7.13886
535000 7.14189
537500 7.14504
540000 7.1482
542500 7.15145
545000 7.15378
547500 7.15564
550000 7.15759
552500 7.15947
555000 7.16267
557500 7.16508
560000 7.16733
562500 7.17055
565000 7.17385
567500 7.17749
570000 7.18018
572500 7.18355
575000 7.18706
577500 7.19062
580000 7.19476
582500 7.19862
585000 7.20239
587500 7.20622
590000 7.21016
592500 7.21332
595000 7.2164
597500 7.22069
600000 7.22578
602500 7.23033
605000 7.23552
607500 7.23985
610000 7.24308
612500 7.24654
615000 7.25029
617500 7.25511
620000 7.26148
622500 7.26753
625000 7.27366
627500 7.28003
630000 7.28579
632500 7.29165
635000 7.29733
637500 7.30318
640000 7.30926
642500 7.31598
645000 7.32211
647500 7.3282
650000 7.33383
652500 7.34
655000 7.34445
657500 7.34975
660000 7.3544
662500 7.35903
665000 7.36437
667500 7.36884
670000 7.37417
672500 7.38084
675000 7.38658
677500 7.39198
680000 7.39779
682500 7.40291
685000 7.41075
687500 7.4177
690000 7.42367
692500 7.42878
695000 7.43401
697500 7.43964
700000 7.44655
702500 7.45503
705000 7.46298
707500 7.47137
710000 7.47933
712500 7.48742
715000 7.49572
717500 7.50383
720000 7.51343
722500 7.52662
725000 7.53896
727500 7.54913
730000 7.54912
732500 7.54911
735000 7.54909
737500 7.54908
740000 7.54906
742500 7.54903
745000 7.54901
747500 7.54898
750000 7.54895
752500 7.54891
755000 7.54885
757500 7.54878
760000 7.54873
762500 7.54866
765000 7.54859
767500 7.54851
770000 7.54838
772500 7.54825
775000 7.54811
777500 7.54796
780000 7.54784
782500 7.5477
785000 7.54755
787500 7.54731
790000 7.54708
792500 7.54685
795000 7.54662
797500 7.54638
800000 7.54612
802500 7.54583
805000 7.54544
807500 7.54502
810000 7.5446
812500 7.54417
815000 7.54362
817500 7.543
820000 7.5425
822500 7.54185
825000 7.54121
827500 7.54046
830000 7.53968
832500 7.53873
835000 7.53769
837500 7.53663
840000 7.53555
842500 7.53431
845000 7.53278
847500 7.53133
850000 7.52992
852500 7.52828
855000 7.5266
857500 7.52427
860000 7.5222
862500 7.5202
865000 7.51749
867500 7.51487
870000 7.51212
872500 7.50959
875000 7.50699
877500 7.50426
880000 7.50138
882500 7.4983
885000 7.49521
887500 7.49211
890000 7.48863
892500 7.48486
895000 7.48001
897500 7.47442
900000 7.46852
902500 7.46281
905000 7.45658
907500 7.45202
910000 7.44739
912500 7.44247
915000 7.43725
917500 7.43176
920000 7.42626
922500 7.42035
925000 7.4136
927500 7.40655
930000 7.40039
932500 7.39188
935000 7.38456
937500 7.37489
940000 7.36502
942500 7.35413
945000 7.34571
947500 7.33663
950000 7.32741
952500 7.31777
955000 7.30868
957500 7.29943
960000 7.29011
962500 7.27999
965000 7.26976
967500 7.25861
970000 7.24526
972500 7.23275
975000 7.21818
977500 7.20413
980000 7.1937
982500 7.18254
985000 7.17081
987500 7.16023
990000 7.1455
992500 7.13369
995000 7.12099
997500 7.10836
1e+06 7.09537
