# time  DeltaF
2500 8.91817
5000 7.36327
7500 7.50604
10000 7.91214
12500 8.17713
15000 8.36518
17500 8.3624
20000 8.29633
22500 7.86725
25000 7.14699
27500 7.14802
30000 7.15345
32500 7.17595
35000 7.24279
37500 7.37212
40000 7.5576
42500 7.75123
45000 7.98551
47500 8.26466
50000 8.51964
52500 8.8015
55000 9.1559
57500 9.424
60000 9.57396
62500 9.57387
65000 9.57339
67500 9.57176
70000 9.56627
72500 9.55566
75000 9.53069
77500 9.48742
80000 9.40851
82500 9.28251
85000 9.11498
87500 8.91109
90000 8.67242
92500 8.27722
95000 7.93244
97500 7.74305
100000 7.46958
102500 7.2895
105000 7.09211
107500 6.95046
110000 6.9505
112500 6.95055
115000 6.95063
117500 6.95074
120000 6.95093
122500 6.95117
125000 6.95165
127500 6.95225
130000 6.95289
132500 6.95378
135000 6.95543
137500 6.95704
140000 6.95927
142500 6.962
145000 6.9651
147500 6.96885
150000 6.97327
152500 6.97825
155000 6.98458
157500 6.99172
160000 6.99955
162500 7.01079
165000 7.02008
167500 7.03028
170000 7.0452
172500 7.05806
175000 7.08053
177500 7.10197
180000 7.12818
182500 7.1556
185000 7.17774
187500 7.19899
190000 7.21716
192500 7.23524
195000 7.2556
197500 7.27717
200000 7.30764
202500 7.33582
205000 7.36035
207500 7.38245
210000 7.39893
212500 7.39887
215000 7.3988
217500 7.39867
220000 7.3985
222500 7.39825
225000 7.39792
227500 7.3975
230000 7.39694
232500 7.39616
235000 7.39524
237500 7.3939
240000 7.3922
242500 7.38997
245000 7.38741
247500 7.38374
250000 7.37807
252500 7.37166
255000 7.36408
257500 7.35527
260000 7.34713
262500 7.33842
265000 7.32671
267500 7.3119
270000 7.2937
272500 7.27998
275000 7.26201
277500 7.23847
280000 7.21108
282500 7.18048
285000 7.14953
287500 7.11986
290000 7.08997
292500 7.04817
295000 6.99825
297500 6.95604
300000 6.91032
302500 6.85765
305000 6.80846
307500 6.76508
310000 6.76529
312500 6.76554
315000 6.76584
317500 6.76617
320000 6.76653
322500 6.76687
325000 6.76715
327500 6.76749
330000 6.76785
332500 6.76832
335000 6.76882
337500 6.76935
340000 6.76993
342500 6.77064
345000 6.77124
347500 6.77185
350000 6.77252
352500 6.7733
355000 6.77398
357500 6.77472
360000 6.77562
362500 6.77704
365000 6.77801
367500 6.77905
370000 6.78029
372500 6.78206
375000 6.78342
377500 6.78479
380000 6.78615
382500 6.78764
385000 6.78928
387500 6.791
390000 6.7928
392500 6.79461
395000 6.79657
397500 6.79867
400000 6.80082
402500 6.80392
405000 6.80756
407500 6.81082
410000 6.81367
412500 6.81685
415000 6.8218
417500 6.82653
420000 6.83055
422500 6.83433
425000 6.83847
427500 6.84193
430000 6.8458
432500 6.85093
435000 6.85742
437500 6.86351
440000 6.86956
442500 6.87538
445000 6.88225
447500 6.89035
450000 6.89813
452500 6.9057
455000 6.91312
457500 6.92135
460000 6.92866
462500 6.93559
465000 6.94261
467500 6.94823
470000 6.95503
472500 6.96503
475000 6.97379
477500 6.98229
480000 6.99186
482500 7.00145
485000 7.00819
487500 7.01702
490000 7.02479
492500 7.03325
495000 7.04068
497500 7.04948
500000 7.05778
502500 7.06555
505000 7.07352
507500 7.08176
510000 7.09256
512500 7.10435
515000 7.1125
517500 7.12172
520000 7.13181
522500 7.141
525000 7.1523
527500 7.16349
530000 7.17409
532500 7.18864
535000 7.20224
537500 7.2133
540000 7.22672
542500 7.24101
545000 7.25664
547500 7.27029
550000 7.28063
552500 7.2906
555000 7.30288
557500 7.31718
560000 7.33244
562500 7.3483
565000 7.36019
567500 7.36998
570000 7.38621
572500 7.40207
575000 7.41807
577500 7.43316
580000 7.4482
582500 7.46401
585000 7.47963
587500 7.49523
590000 7.51063
592500 7.52441
595000 7.54103
597500 7.55645
600000 7.57228
602500 7.58611
605000 7.60073
607500 7.61734
610000 7.6331
612500 7.64838
615000 7.66277
617500 7.67851
620000 7.69419
622500 7.69418
625000 7.69418
627500 7.69417
630000 7.69416
632500 7.69415
635000 7.69414
637500 7.69412
640000 7.6941
642500 7.69409
645000 7.69406
647500 7.69404
650000 7.69401
652500 7.69397
655000 7.69393
657500 7.69389
660000 7.69383
662500 7.69377
665000 7.6937
667500 7.69363
670000 7.69354
672500 7.69343
675000 7.69334
677500 7.69321
680000 7.69308
682500 7.69293
685000 7.69277
687500 7.69259
690000 7.69239
692500 7.69216
695000 7.6919
697500 7.69161
700000 7.69132
702500 7.691
705000 7.69065
707500 7.69026
710000 7.68986
712500 7.68941
715000 7.6889
717500 7.68839
720000 7.68779
722500 7.68715
725000 7.6865
727500 7.68577
730000 7.68501
732500 7.68423
735000 7.6834
737500 7.68249
740000 7.68155
742500 7.68051
745000 7.67941
747500 7.67823
750000 7.67681
752500 7.67537
755000 7.67383
757500 7.67231
760000 7.66993
762500 7.66761
765000 7.66529
767500 7.66263
770000 7.66052
772500 7.65784
775000 7.65538
777500 7.65302
780000 7.65055
782500 7.64789
785000 7.64499
787500 7.64198
790000 7.63792
792500 7.63358
795000 7.62883
797500 7.62396
800000 7.61877
802500 7.61433
805000 7.61056
807500 7.60639
810000 7.60001
812500 7.59323
815000 7.58759
817500 7.58246
820000 7.57687
822500 7.57073
825000 7.563
827500 7.55731
830000 7.55095
832500 7.54373
835000 7.535
837500 7.52622
840000 7.51663
842500 7.50611
845000 7.49795
847500 7.48955
850000 7.48124
852500 7.47304
855000 7.46431
857500 7.4557
860000 7.44653
862500 7.4365
865000 7.42294
867500 7.41284
870000 7.40298
872500 7.39262
875000 7.38104
877500 7.36654
880000 7.35128
882500 7.3406
885000 7.32963
887500 7.31332
890000 7.29815
892500 7.28748
895000 7.27066
897500 7.25349
900000 7.23671
902500 7.21814
905000 7.19954
907500 7.18088
910000 7.16212
912500 7.14288
915000 7.12603
917500 7.11116
920000 7.09103
922500 7.0777
925000 7.06409
927500 7.04426
930000 7.02447
932500 7.00803
935000 6.99204
937500 6.99211
940000 6.99218
942500 6.99225
945000 6.99232
947500 6.9924
950000 6.99248
952500 6.99257
955000 6.99266
957500 6.99276
960000 6.99286
962500 6.99297
965000 6.99307
967500 6.99319
970000 6.99331
972500 6.99344
975000 6.99357
977500 6.99371
980000 6.99386
982500 6.99401
985000 6.99417
987500 6.99433
990000 6.9945
992500 6.99468
995000 6.99486
997500 6.99506
1e+06 6.99525
