# time  DeltaF
2500 0.634505
5000 1.91455
7500 2.0698
10000 1.1618
12500 1.6485
15000 1.96
17500 2.18016
20000 2.35281
22500 2.36657
25000 2.36633
27500 2.35044
30000 2.24253
32500 2.43117
35000 2.57536
37500 2.68947
40000 2.79162
42500 2.8831
45000 2.95985
47500 3.02665
50000 3.08156
52500 3.08156
55000 3.08155
57500 3.08143
60000 3.08055
62500 3.07529
65000 3.0482
67500 2.94656
70000 2.66284
72500 2.24485
75000 1.94217
77500 1.99923
80000 2.07091
82500 2.14217
85000 2.21062
87500 2.26894
90000 2.32821
92500 2.37982
95000 2.427
97500 2.47311
100000 2.51713
102500 2.55739
105000 2.59597
107500 2.62835
110000 2.66186
112500 2.69689
115000 2.71114
117500 2.71114
120000 2.71113
122500 2.7111
125000 2.71101
127500 2.71079
130000 2.71025
132500 2.70903
135000 2.70621
137500 2.70078
140000 2.68991
142500 2.66905
145000 2.63117
147500 2.56421
150000 2.46986
152500 2.44782
155000 2.48835
157500 2.5257
160000 2.56353
162500 2.59764
165000 2.63017
167500 2.66424
170000 2.6955
172500 2.72084
175000 2.74851
177500 2.77437
180000 2.79986
182500 2.8236
185000 2.84702
187500 2.8705
190000 2.89139
192500 2.91169
195000 2.93234
197500 2.95342
200000 2.97224
202500 2.99133
205000 3.00932
207500 3.02678
210000 3.04333
212500 3.06088
215000 3.07806
217500 3.09379
220000 3.10906
222500 3.12414
225000 3.13927
227500 3.15378
230000 3.16809
232500 3.18328
235000 3.18355
237500 3.18355
240000 3.18355
242500 3.18355
245000 3.18355
247500 3.18354
250000 3.18353
252500 3.18352
255000 3.1835
257500 3.18346
260000 3.1834
262500 3.18331
265000 3.18317
267500 3.18294
270000 3.18263
272500 3.18212
275000 3.18138
277500 3.18016
280000 3.17843
282500 3.17604
285000 3.17242
287500 3.16769
290000 3.16072
292500 3.15124
295000 3.13794
297500 3.12083
300000 3.09695
302500 3.06892
305000 3.03252
307500 2.98253
310000 2.92595
312500 2.8595
315000 2.78889
317500 2.7071
320000 2.61599
322500 2.52059
325000 2.41581
327500 2.42708
330000 2.44083
332500 2.45646
335000 2.4726
337500 2.48885
340000 2.50625
342500 2.52445
345000 2.54066
347500 2.55754
350000 2.57529
352500 2.59063
355000 2.60593
357500 2.62193
360000 2.63676
362500 2.6514
365000 2.66612
367500 2.68056
370000 2.69475
372500 2.70787
375000 2.71999
377500 2.73343
380000 2.74633
382500 2.75881
385000 2.77168
387500 2.78307
390000 2.79431
392500 2.80567
395000 2.8178
397500 2.82888
400000 2.83974
402500 2.85102
405000 2.86162
407500 2.87088
410000 2.88078
412500 2.89137
415000 2.90133
417500 2.91153
420000 2.92175
422500 2.93117
425000 2.94053
427500 2.95005
430000 2.95866
432500 2.96729
435000 2.9763
437500 2.98469
440000 2.99273
442500 3.0012
445000 3.00933
447500 3.01741
450000 3.02619
452500 3.03423
455000 3.04168
457500 3.04997
460000 3.05816
462500 3.06593
465000 3.07349
467500 3.08106
470000 3.08811
472500 3.09605
475000 3.1042
477500 3.11189
480000 3.11907
482500 3.12619
485000 3.13339
487500 3.14032
490000 3.14702
492500 3.15385
495000 3.16096
497500 3.16733
500000 3.17401
502500 3.18061
505000 3.18729
507500 3.19397
510000 3.20022
512500 3.20653
515000 3.21313
517500 3.21952
520000 3.22558
522500 3.23106
525000 3.23698
527500 3.24351
530000 3.24932
532500 3.25526
535000 3.26158
537500 3.26736
540000 3.27363
542500 3.27917
545000 3.28439
547500 3.2905
550000 3.29582
552500 3.30109
555000 3.30685
557500 3.3125
560000 3.31798
562500 3.31947
565000 3.31947
567500 3.31947
570000 3.31947
572500 3.31947
575000 3.31947
577500 3.31947
580000 3.31947
582500 3.31947
585000 3.31947
587500 3.31947
590000 3.31947
592500 3.31947
595000 3.31947
597500 3.31947
600000 3.31947
602500 3.31947
605000 3.31947
607500 3.31947
610000 3.31946
612500 3.31946
615000 3.31946
617500 3.31946
620000 3.31946
622500 3.31945
625000 3.31945
627500 3.31944
630000 3.31943
632500 3.31942
635000 3.31941
637500 3.3194
640000 3.31939
642500 3.31937
645000 3.31934
647500 3.31931
650000 3.31928
652500 3.31924
655000 3.31919
657500 3.31914
660000 3.31907
662500 3.31899
665000 3.3189
667500 3.31878
670000 3.31866
672500 3.3185
675000 3.3183
677500 3.31806
680000 3.31781
682500 3.31751
685000 3.31715
687500 3.31673
690000 3.31625
692500 3.3157
695000 3.31504
697500 3.31425
700000 3.31337
702500 3.31237
705000 3.31118
707500 3.30982
710000 3.30826
712500 3.30655
715000 3.30437
717500 3.30184
720000 3.29907
722500 3.29578
725000 3.29224
727500 3.28841
730000 3.28357
732500 3.27807
735000 3.27186
737500 3.26552
740000 3.25852
742500 3.24989
745000 3.24079
747500 3.23048
750000 3.21893
752500 3.20549
755000 3.19011
757500 3.17395
760000 3.15773
762500 3.13726
765000 3.11632
767500 3.09329
770000 3.06876
772500 3.04325
775000 3.01597
777500 2.98665
780000 2.95071
782500 2.91724
785000 2.88399
787500 2.85088
790000 2.81492
792500 2.77699
795000 2.73791
797500 2.69885
800000 2.6567
802500 2.61669
805000 2.56862
807500 2.52519
810000 2.52184
812500 2.52678
815000 2.53208
817500 2.5375
820000 2.54337
822500 2.54909
825000 2.55496
827500 2.56121
830000 2.56805
832500 2.57473
835000 2.5813
837500 2.58782
840000 2.59442
842500 2.6013
845000 2.60847
847500 2.61517
850000 2.62246
852500 2.62912
855000 2.63584
857500 2.64262
860000 2.64966
862500 2.65632
865000 2.66338
867500 2.67031
870000 2.67652
872500 2.68269
875000 2.68949
877500 2.69622
880000 2.70292
882500 2.70942
885000 2.71584
887500 2.72216
890000 2.7284
892500 2.73456
895000 2.74061
897500 2.7465
900000 2.75205
902500 2.75794
905000 2.76368
907500 2.76914
910000 2.77527
912500 2.78084
915000 2.7867
917500 2.79198
920000 2.79797
922500 2.80352
925000 2.80895
927500 2.81419
930000 2.81946
932500 2.82449
935000 2.82936
937500 2.83466
940000 2.84016
942500 2.84505
945000 2.85007
947500 2.85499
950000 2.85998
952500 2.86503
955000 2.87015
957500 2.87509
960000 2.88016
962500 2.88491
965000 2.88966
967500 2.89407
970000 2.89852
972500 2.90295
975000 2.90769
977500 2.91246
980000 2.91712
982500 2.92149
985000 2.92588
987500 2.92991
990000 2.93401
992500 2.93842
995000 2.94301
997500 2.94725
1e+06 2.95105
