# time  DeltaF
2500 20.2019
5000 19.8385
7500 17.5327
10000 15.3176
12500 13.3519
15000 11.732
17500 10.149
20000 8.66964
22500 7.46271
25000 6.2934
27500 5.23664
30000 4.17838
32500 3.21505
35000 2.33956
37500 1.92215
40000 2.53483
42500 2.90199
45000 3.16255
47500 3.39028
50000 3.57754
52500 3.71902
55000 3.84221
57500 3.9546
60000 4.0556
62500 4.13959
65000 4.22436
67500 4.29612
70000 4.36527
72500 4.4285
75000 4.49234
77500 4.55327
80000 4.60986
82500 4.6701
85000 4.72122
87500 4.76883
90000 4.81371
92500 4.86118
95000 4.90542
97500 4.94661
100000 4.98885
102500 5.02961
105000 5.06417
107500 5.09209
110000 5.12231
112500 5.15144
115000 5.17778
117500 5.20583
120000 5.2314
122500 5.2556
125000 5.28117
127500 5.30436
130000 5.32711
132500 5.35032
135000 5.37145
137500 5.3935
140000 5.41375
142500 5.43547
145000 5.45681
147500 5.47671
150000 5.49371
152500 5.51333
155000 5.52966
157500 5.54921
160000 5.56725
162500 5.58542
165000 5.60387
167500 5.62121
170000 5.63664
172500 5.65478
175000 5.67257
177500 5.68812
180000 5.70397
182500 5.71876
185000 5.73517
187500 5.75076
190000 5.76542
192500 5.78017
195000 5.79518
197500 5.80969
200000 5.82146
202500 5.83442
205000 5.84696
207500 5.85914
210000 5.87153
212500 5.88628
215000 5.898
217500 5.90983
220000 5.9213
222500 5.93285
225000 5.94497
227500 5.95616
230000 5.96764
232500 5.97897
235000 5.99027
237500 6.00018
240000 6.01058
242500 6.02092
245000 6.03135
247500 6.04159
250000 6.05085
252500 6.06105
255000 6.07003
257500 6.08042
260000 6.0905
262500 6.09981
265000 6.11075
267500 6.11984
270000 6.12907
272500 6.13825
275000 6.14778
277500 6.15681
280000 6.16677
282500 6.17536
285000 6.18464
287500 6.19387
290000 6.2025
292500 6.2118
295000 6.22038
297500 6.22878
300000 6.23692
302500 6.24447
305000 6.2529
307500 6.26095
310000 6.26902
312500 6.27741
315000 6.28629
317500 6.29398
320000 6.30205
322500 6.30978
325000 6.31701
327500 6.32454
330000 6.33203
332500 6.33974
335000 6.34779
337500 6.35482
340000 6.36199
342500 6.36986
345000 6.37712
347500 6.38414
350000 6.39182
352500 6.39929
355000 6.40589
357500 6.41342
360000 6.41975
362500 6.42703
365000 6.43407
367500 6.44151
370000 6.44828
372500 6.45504
375000 6.46189
377500 6.46914
380000 6.47595
382500 6.48275
385000 6.48914
387500 6.49584
390000 6.50288
392500 6.50938
395000 6.51643
397500 6.52314
400000 6.52953
402500 6.53659
405000 6.5433
407500 6.55019
410000 6.55614
412500 6.56286
415000 6.56945
417500 6.57586
420000 6.58197
422500 6.58809
425000 6.59421
427500 6.60083
430000 6.60732
432500 6.61323
435000 6.61923
437500 6.62515
440000 6.63116
442500 6.63751
445000 6.64354
447500 6.64934
450000 6.65498
452500 6.66098
455000 6.66737
457500 6.67302
460000 6.6785
462500 6.68387
465000 6.6894
467500 6.69491
470000 6.70064
472500 6.70615
475000 6.7113
477500 6.71703
480000 6.7226
482500 6.7277
485000 6.73265
487500 6.73802
490000 6.74292
492500 6.74763
495000 6.75256
497500 6.75742
500000 6.76209
502500 6.76676
505000 6.77156
507500 6.77605
510000 6.78072
512500 6.78553
515000 6.79034
517500 6.79459
520000 6.79944
522500 6.80426
525000 6.80883
527500 6.81313
530000 6.81714
532500 6.8219
535000 6.82693
537500 6.83153
540000 6.83636
542500 6.84092
545000 6.84543
547500 6.85009
550000 6.8548
552500 6.85896
555000 6.86366
557500 6.86764
560000 6.8724
562500 6.87677
565000 6.88098
567500 6.88539
570000 6.88951
572500 6.89358
575000 6.89779
577500 6.90205
580000 6.90641
582500 6.91042
585000 6.91472
587500 6.91875
590000 6.9231
592500 6.92718
595000 6.93109
597500 6.93542
600000 6.93974
602500 6.94382
605000 6.94797
607500 6.95221
610000 6.95578
612500 6.95942
615000 6.96309
617500 6.96695
620000 6.97095
622500 6.97482
625000 6.97853
627500 6.98228
630000 6.98621
632500 6.99029
635000 6.99413
637500 6.99773
640000 7.00117
642500 7.00513
645000 7.00854
647500 7.01235
650000 7.01611
652500 7.01997
655000 7.0236
657500 7.02709
660000 7.03089
662500 7.03472
665000 7.03859
667500 7.04205
670000 7.04568
672500 7.04943
675000 7.0531
677500 7.05644
680000 7.06032
682500 7.06422
685000 7.06764
687500 7.07111
690000 7.07452
692500 7.07831
695000 7.08181
697500 7.08516
700000 7.08882
702500 7.09218
705000 7.09566
707500 7.09915
710000 7.10298
712500 7.10631
715000 7.10962
717500 7.11271
720000 7.11628
722500 7.11961
725000 7.12307
727500 7.12647
730000 7.1297
732500 7.13301
735000 7.13643
737500 7.13989
740000 7.14326
742500 7.14699
745000 7.15009
747500 7.15382
750000 7.15707
752500 7.16037
755000 7.16359
757500 7.1668
760000 7.17007
762500 7.17336
765000 7.17639
767500 7.17943
770000 7.18217
772500 7.1851
775000 7.18823
777500 7.19142
780000 7.1941
782500 7.19711
785000 7.20001
787500 7.20284
790000 7.20599
792500 7.20889
795000 7.21199
797500 7.21481
800000 7.21773
802500 7.22041
805000 7.22318
807500 7.22584
810000 7.22864
812500 7.23152
815000 7.23425
817500 7.23729
820000 7.24027
822500 7.24298
825000 7.24597
827500 7.24888
830000 7.25168
832500 7.2546
835000 7.25747
837500 7.26006
840000 7.26291
842500 7.26564
845000 7.26823
847500 7.27097
850000 7.27384
852500 7.27633
855000 7.27923
857500 7.28209
860000 7.28493
862500 7.28743
865000 7.29001
867500 7.29268
870000 7.29554
872500 7.2981
875000 7.3008
877500 7.30385
880000 7.30643
882500 7.3092
885000 7.31186
887500 7.31445
890000 7.31703
892500 7.31963
895000 7.322
897500 7.32436
900000 7.3271
902500 7.32978
905000 7.33218
907500 7.3346
910000 7.33699
912500 7.33948
915000 7.34186
917500 7.34441
920000 7.34696
922500 7.34926
925000 7.35158
927500 7.35385
930000 7.35634
932500 7.35886
935000 7.36126
937500 7.36355
940000 7.36604
942500 7.36843
945000 7.37063
947500 7.37289
950000 7.37526
952500 7.37766
955000 7.37989
957500 7.38218
960000 7.38466
962500 7.38679
965000 7.38907
967500 7.39157
970000 7.39378
972500 7.3961
975000 7.39839
977500 7.40091
980000 7.40315
982500 7.40524
985000 7.40749
987500 7.40985
990000 7.41206
992500 7.41434
995000 7.41653
997500 7.4188
1e+06 7.421
