# time  DeltaF
2500 4.51798
5000 21.6196
7500 2.37576
10000 1.84879
12500 9.80773
15000 15.077
17500 18.9873
20000 21.3398
22500 15.0566
25000 9.30045
27500 4.80865
30000 1.56302
32500 -1.1707
35000 -2.33747
37500 0.65044
40000 3.41392
42500 5.78627
45000 7.73401
47500 9.49938
50000 11.1802
52500 12.622
55000 13.9647
57500 15.2327
60000 16.4506
62500 15.2889
65000 12.7935
67500 10.7646
70000 8.84177
72500 7.1024
75000 5.61992
77500 4.22712
80000 3.0376
82500 1.84118
85000 0.716892
87500 -0.286482
90000 -0.975206
92500 0.169718
95000 1.40053
97500 2.51698
100000 3.55304
102500 4.53526
105000 5.41215
107500 6.28364
110000 7.09458
112500 7.86748
115000 8.63858
117500 9.32645
120000 9.97833
122500 10.628
125000 11.2703
127500 11.8412
130000 12.4334
132500 12.255
135000 11.1853
137500 10.1794
140000 9.2208
142500 8.35739
145000 7.53853
147500 6.75928
150000 6.03212
152500 5.34547
155000 4.63229
157500 3.97048
160000 3.34807
162500 2.736
165000 2.11883
167500 1.55081
170000 1.01797
172500 0.489305
175000 0.00820414
177500 -0.209903
180000 0.415053
182500 1.03807
185000 1.67402
187500 2.23987
190000 2.77836
192500 3.31134
195000 3.83352
197500 4.33016
200000 4.80661
202500 5.26329
205000 5.7178
207500 6.16312
210000 6.58667
212500 7.00615
215000 7.4213
217500 7.82471
220000 8.20474
222500 8.57213
225000 8.93407
227500 9.29868
230000 9.6291
232500 9.9741
235000 10.297
237500 10.6312
240000 10.9713
242500 11.2929
245000 11.6167
247500 11.9176
250000 12.2188
252500 12.5212
255000 12.8271
257500 13.1151
260000 13.3983
262500 13.6867
265000 13.9547
267500 14.2479
270000 14.5168
272500 14.7824
275000 14.4669
277500 13.8896
280000 13.33
282500 12.7874
285000 12.2667
287500 11.7395
290000 11.2595
292500 10.789
295000 10.3533
297500 9.91637
300000 9.4848
302500 9.07435
305000 8.6485
307500 8.25798
310000 7.87892
312500 7.47844
315000 7.11914
317500 6.75456
320000 6.39963
322500 6.04718
325000 5.70274
327500 5.37099
330000 5.04643
332500 4.7447
335000 4.42101
337500 4.11485
340000 3.82129
342500 3.51815
345000 3.22232
347500 2.92952
350000 2.66873
352500 2.39329
355000 2.14667
357500 1.89022
360000 1.65315
362500 1.38772
365000 1.14632
367500 0.890065
370000 1.13406
372500 1.43281
375000 1.70564
377500 1.97919
380000 2.27478
382500 2.55962
385000 2.84069
387500 3.10889
390000 3.35619
392500 3.59846
395000 3.84356
397500 4.07621
400000 4.30395
402500 4.53675
405000 4.76609
407500 5.01547
410000 5.24372
412500 5.48791
415000 5.71018
417500 5.92348
420000 6.14905
422500 6.35835
425000 6.55644
427500 6.76155
430000 6.97261
432500 7.17464
435000 7.36874
437500 7.5643
440000 7.76204
442500 7.94508
445000 8.14039
447500 8.33222
450000 8.51559
452500 8.70514
455000 8.88932
457500 9.06901
460000 9.23725
462500 9.41439
465000 9.59214
467500 9.76999
470000 9.95071
472500 10.1194
475000 10.2776
477500 10.4441
480000 10.6178
482500 10.779
485000 10.9259
487500 11.0886
490000 11.2559
492500 11.406
495000 11.5581
497500 11.7136
500000 11.87
502500 12.0246
505000 12.1652
507500 12.3221
510000 12.4698
512500 12.6058
515000 12.7523
517500 12.8974
520000 13.037
522500 13.1822
525000 13.3213
527500 13.4588
530000 13.5872
532500 13.7209
535000 13.8584
537500 13.99
540000 14.1273
542500 14.2552
545000 14.3923
547500 14.5223
550000 14.653
552500 14.7786
555000 14.851
557500 14.5506
560000 14.2572
562500 13.9564
565000 13.6749
567500 13.3976
570000 13.1158
572500 12.8398
575000 12.5689
577500 12.3074
580000 12.0493
582500 11.8031
585000 11.5652
587500 11.3302
590000 11.1008
592500 10.8651
595000 10.6414
597500 10.423
600000 10.2066
602500 9.98622
605000 9.77308
607500 9.55582
610000 9.34531
612500 9.14016
615000 8.94596
617500 8.73827
620000 8.54569
622500 8.34137
625000 8.14645
627500 7.94732
630000 7.75672
632500 7.58199
635000 7.39044
637500 7.20725
640000 7.02457
642500 6.85851
645000 6.6811
647500 6.51144
650000 6.34382
652500 6.16798
655000 6.00029
657500 5.82424
660000 5.6461
662500 5.4851
665000 5.32948
667500 5.1677
670000 5.01729
672500 4.85752
675000 4.7028
677500 4.54437
680000 4.40332
682500 4.2467
685000 4.10291
687500 3.95839
690000 3.80595
692500 3.66702
695000 3.5183
697500 3.38086
700000 3.23472
702500 3.0961
705000 2.95982
707500 2.82077
710000 2.68566
712500 2.54042
715000 2.40812
717500 2.27548
720000 2.14074
722500 2.00829
725000 1.88012
727500 1.74845
730000 1.63194
732500 1.50469
735000 1.38829
737500 1.26253
740000 1.13007
742500 1.01809
745000 0.902092
747500 0.784699
750000 0.67657
752500 0.580399
755000 0.732384
757500 0.883996
760000 1.03147
762500 1.17475
765000 1.32284
767500 1.46762
770000 1.61139
772500 1.75514
775000 1.89452
777500 2.02915
780000 2.16398
782500 2.29814
785000 2.43594
787500 2.56402
790000 2.69687
792500 2.83802
795000 2.96821
797500 3.09269
800000 3.22569
802500 3.34797
805000 3.47568
807500 3.60124
810000 3.73237
812500 3.85399
815000 3.97682
817500 4.09032
820000 4.20736
822500 4.32766
825000 4.44188
827500 4.56054
830000 4.67956
832500 4.79448
835000 4.91073
837500 5.01906
840000 5.13499
842500 5.24461
845000 5.3549
847500 5.46543
850000 5.57271
852500 5.67452
855000 5.7861
857500 5.88687
860000 5.98519
862500 6.09156
865000 6.19835
867500 6.3025
870000 6.40547
872500 6.50945
875000 6.60597
877500 6.70787
880000 6.80322
882500 6.89908
885000 6.99753
887500 7.09725
890000 7.19666
892500 7.29694
895000 7.39446
897500 7.49471
900000 7.59288
902500 7.68461
905000 7.77632
907500 7.86632
910000 7.95533
912500 8.04198
915000 8.1386
917500 8.2398
920000 8.32967
922500 8.41683
925000 8.50296
927500 8.59019
930000 8.68133
932500 8.76831
935000 8.85933
937500 8.9465
940000 9.03559
942500 9.1156
945000 9.20518
947500 9.28658
950000 9.37114
952500 9.45354
955000 9.54537
957500 9.63444
960000 9.71852
962500 9.80148
965000 9.88154
967500 9.95993
970000 10.0398
972500 10.1223
975000 10.2081
977500 10.2891
980000 10.3644
982500 10.4473
985000 10.5263
987500 10.6076
990000 10.6868
992500 10.7686
995000 10.8434
997500 10.9247
1e+06 11.0069
