# time  DeltaF
2500 7.13286
5000 22.0108
7500 6.50402
10000 -1.19634
12500 7.38301
15000 13.0303
17500 17.2537
20000 13.7028
22500 7.59922
25000 2.97913
27500 -0.456011
30000 -2.49152
32500 1.13392
35000 4.18698
37500 6.66116
40000 8.86179
42500 10.8408
45000 12.5302
47500 14.0872
50000 15.5705
52500 16.8391
55000 16.8755
57500 13.8652
60000 11.3118
62500 9.21379
65000 7.27659
67500 5.50845
70000 4.08862
72500 2.66749
75000 1.45369
77500 0.243122
80000 -0.679229
82500 0.784142
85000 2.11048
87500 3.267
90000 4.37754
92500 5.31573
95000 6.28289
97500 7.22327
100000 8.0996
102500 8.93869
105000 9.73685
107500 10.4542
110000 11.2089
112500 11.8854
115000 12.542
117500 13.1923
120000 13.8289
122500 14.3903
125000 14.958
127500 15.519
130000 16.0341
132500 16.5245
135000 17.0308
137500 17.5191
140000 17.9796
142500 16.874
145000 15.6738
147500 14.5237
150000 13.4952
152500 12.4986
155000 11.5723
157500 10.6705
160000 9.81726
162500 9.03846
165000 8.29297
167500 7.54607
170000 6.85237
172500 6.19253
175000 5.60597
177500 4.9486
180000 4.36673
182500 3.82047
185000 3.25024
187500 2.71992
190000 2.23205
192500 1.76644
195000 1.29341
197500 0.802255
200000 0.35908
202500 -0.0697356
205000 -0.45678
207500 -0.837901
210000 -0.598858
212500 -0.063065
215000 0.463834
217500 0.993662
220000 1.49948
222500 1.98385
225000 2.45296
227500 2.89779
230000 3.34527
232500 3.77699
235000 4.21266
237500 4.62566
240000 5.00545
242500 5.37908
245000 5.7482
247500 6.12562
250000 6.4861
252500 6.83291
255000 7.16761
257500 7.50288
260000 7.81714
262500 8.14087
265000 8.44459
267500 8.74595
270000 9.08379
272500 9.37371
275000 9.68003
277500 9.9628
280000 10.2353
282500 10.5217
285000 10.7986
287500 11.0705
290000 11.3405
292500 11.5939
295000 11.8482
297500 12.1108
300000 12.3518
302500 12.6094
305000 12.8489
307500 13.0855
310000 13.3344
312500 13.5572
315000 13.7998
317500 14.0271
320000 14.2673
322500 14.4977
325000 14.7185
327500 14.9328
330000 15.1468
332500 15.3636
335000 15.5839
337500 15.7925
340000 15.9761
342500 16.1832
345000 16.3861
347500 16.5753
350000 16.7599
352500 16.9445
355000 17.1342
357500 17.3163
360000 17.5005
362500 17.6715
365000 17.8492
367500 18.0224
370000 17.6412
372500 17.1402
375000 16.6644
377500 16.1819
380000 15.7325
382500 15.2778
385000 14.8352
387500 14.427
390000 14.022
392500 13.6288
395000 13.2316
397500 12.8408
400000 12.4553
402500 12.0993
405000 11.7613
407500 11.4186
410000 11.0874
412500 10.7455
415000 10.4265
417500 10.1091
420000 9.79165
422500 9.47961
425000 9.18211
427500 8.90328
430000 8.60684
432500 8.33044
435000 8.05325
437500 7.78441
440000 7.50652
442500 7.23217
445000 6.98539
447500 6.72417
450000 6.48208
452500 6.23348
455000 5.98441
457500 5.74655
460000 5.5169
462500 5.28332
465000 5.0571
467500 4.83198
470000 4.59046
472500 4.38046
475000 4.16147
477500 3.95386
480000 3.74065
482500 3.53369
485000 3.32921
487500 3.12825
490000 2.91687
492500 2.72679
495000 2.53891
497500 2.35125
500000 2.16102
502500 1.9772
505000 1.787
507500 1.60551
510000 1.41699
512500 1.23822
515000 1.05084
517500 0.873384
520000 0.693995
522500 0.513987
525000 0.350727
527500 0.186406
530000 0.281404
532500 0.500143
535000 0.704953
537500 0.905817
540000 1.11268
542500 1.32072
545000 1.53224
547500 1.73263
550000 1.9247
552500 2.11872
555000 2.31703
557500 2.49527
560000 2.68565
562500 2.86507
565000 3.04613
567500 3.22397
570000 3.39706
572500 3.56914
575000 3.73949
577500 3.90316
580000 4.07256
582500 4.24878
585000 4.41685
587500 4.57473
590000 4.73373
592500 4.89759
595000 5.07008
597500 5.21632
600000 5.36706
602500 5.52207
605000 5.6768
607500 5.8238
610000 5.97467
612500 6.12638
615000 6.27467
617500 6.41505
620000 6.56375
622500 6.70227
625000 6.84244
627500 6.98388
630000 7.1218
632500 7.24853
635000 7.38563
637500 7.51501
640000 7.64223
642500 7.78252
645000 7.92191
647500 8.04512
650000 8.1693
652500 8.29395
655000 8.41964
657500 8.5487
660000 8.66715
662500 8.7934
665000 8.91963
667500 9.03908
670000 9.16425
672500 9.28695
675000 9.4083
677500 9.53485
680000 9.6519
682500 9.76647
685000 9.88371
687500 10.0051
690000 10.1248
692500 10.2325
695000 10.3418
697500 10.455
700000 10.5636
702500 10.6741
705000 10.7918
707500 10.8945
710000 11.0042
712500 11.1157
715000 11.2261
717500 11.3357
720000 11.4356
722500 11.5455
725000 11.6527
727500 11.7481
730000 11.8586
732500 11.9668
735000 12.0641
737500 12.171
740000 12.2743
742500 12.3754
745000 12.4763
747500 12.5758
750000 12.6801
752500 12.7789
755000 12.8835
757500 12.9833
760000 13.0834
762500 13.1775
765000 13.2713
767500 13.3649
770000 13.4603
772500 13.5522
775000 13.6468
777500 13.7373
780000 13.8232
782500 13.9206
785000 14.0167
787500 14.1085
790000 14.1969
792500 14.2837
795000 14.3729
797500 14.4581
800000 14.5455
802500 14.6265
805000 14.7158
807500 14.8072
810000 14.9001
812500 14.9858
815000 15.0742
817500 15.1596
820000 15.2457
822500 15.3312
825000 15.414
827500 15.4994
830000 15.584
832500 15.6653
835000 15.747
837500 15.8322
840000 15.9161
842500 15.992
845000 16.07
847500 16.1512
850000 16.2316
852500 16.3122
855000 16.3959
857500 16.4695
860000 16.5461
862500 16.6312
865000 16.7087
867500 16.7801
870000 16.8556
872500 16.9295
875000 17.0025
877500 17.081
880000 17.1561
882500 17.2304
885000 17.3022
887500 17.376
890000 17.4487
892500 17.5218
895000 17.5967
897500 17.666
900000 17.741
902500 17.8146
905000 17.8834
907500 17.9523
910000 18.0215
912500 18.0934
915000 18.163
917500 18.2365
920000 18.3037
922500 18.3666
925000 18.4353
927500 18.5044
930000 18.5678
932500 18.6319
935000 18.4664
937500 18.2645
940000 18.0633
942500 17.8665
945000 17.6678
947500 17.4694
950000 17.2732
952500 17.0845
955000 16.8913
957500 16.7071
960000 16.518
962500 16.3356
965000 16.1521
967500 15.9748
970000 15.8052
972500 15.6239
975000 15.4449
977500 15.2789
980000 15.1098
982500 14.9392
985000 14.7755
987500 14.6062
990000 14.4462
992500 14.2841
995000 14.1289
997500 13.9669
1e+06 13.8123
