# time  DeltaF
2500 1.01896
5000 2.02105
7500 2.19648
10000 1.44845
12500 1.693
15000 2.02709
17500 2.25722
20000 2.4266
22500 2.43916
25000 2.43863
27500 2.41049
30000 2.0124
32500 1.82181
35000 1.99964
37500 2.13895
40000 2.26704
42500 2.36447
45000 2.45229
47500 2.53121
50000 2.59984
52500 2.66616
55000 2.72354
57500 2.78
60000 2.81264
62500 2.81264
65000 2.81264
67500 2.81263
70000 2.81256
72500 2.81219
75000 2.81051
77500 2.80355
80000 2.77946
82500 2.70976
85000 2.53262
87500 2.30138
90000 2.35854
92500 2.42825
95000 2.4887
97500 2.54709
100000 2.59971
102500 2.64698
105000 2.69281
107500 2.73507
110000 2.77568
112500 2.81334
115000 2.84709
117500 2.88104
120000 2.91542
122500 2.94534
125000 2.97499
127500 3.00262
130000 3.03026
132500 3.05533
135000 3.08199
137500 3.10648
140000 3.13074
142500 3.15243
145000 3.17379
147500 3.19424
150000 3.21649
152500 3.23684
155000 3.25629
157500 3.27242
160000 3.27242
162500 3.27242
165000 3.27242
167500 3.27242
170000 3.27242
172500 3.27242
175000 3.27241
177500 3.2724
180000 3.27238
182500 3.27233
185000 3.27225
187500 3.27208
190000 3.27176
192500 3.27116
195000 3.27012
197500 3.2683
200000 3.26527
202500 3.26002
205000 3.25196
207500 3.23933
210000 3.21967
212500 3.1887
215000 3.14718
217500 3.08616
220000 3.0018
222500 2.89959
225000 2.76315
227500 2.71914
230000 2.74215
232500 2.76875
235000 2.79439
237500 2.81987
240000 2.84602
242500 2.86901
245000 2.89216
247500 2.91438
250000 2.93649
252500 2.95858
255000 2.97707
257500 2.99645
260000 3.01456
262500 3.03316
265000 3.05108
267500 3.06736
270000 3.08433
272500 3.10064
275000 3.11653
277500 3.13216
280000 3.1475
282500 3.16283
285000 3.17756
287500 3.19176
290000 3.205
292500 3.21935
295000 3.23249
297500 3.24649
300000 3.25928
302500 3.27122
305000 3.28468
307500 3.29665
310000 3.30862
312500 3.32101
315000 3.3323
317500 3.34344
320000 3.355
322500 3.36587
325000 3.3772
327500 3.38842
330000 3.39029
332500 3.39029
335000 3.39028
337500 3.39028
340000 3.39028
342500 3.39027
345000 3.39025
347500 3.39024
350000 3.39021
352500 3.39018
355000 3.39013
357500 3.39006
360000 3.38996
362500 3.38984
365000 3.38965
367500 3.3894
370000 3.38908
372500 3.38863
375000 3.38803
377500 3.38728
380000 3.38628
382500 3.3849
385000 3.38302
387500 3.38067
390000 3.3776
392500 3.37381
395000 3.36894
397500 3.36262
400000 3.3556
402500 3.34474
405000 3.3325
407500 3.3171
410000 3.297
412500 3.27379
415000 3.24619
417500 3.21289
420000 3.17426
422500 3.12905
425000 3.08319
427500 3.02696
430000 3.03111
432500 3.04455
435000 3.05765
437500 3.07185
440000 3.08557
442500 3.09828
445000 3.11123
447500 3.12457
450000 3.13832
452500 3.15146
455000 3.16287
457500 3.1748
460000 3.18635
462500 3.19767
465000 3.20928
467500 3.21967
470000 3.23056
472500 3.24158
475000 3.2518
477500 3.26206
480000 3.27218
482500 3.28286
485000 3.28434
487500 3.28339
490000 3.28222
492500 3.28076
495000 3.27889
497500 3.27665
500000 3.2741
502500 3.27073
505000 3.26681
507500 3.26215
510000 3.25619
512500 3.24914
515000 3.24142
517500 3.23239
520000 3.22055
522500 3.20845
525000 3.19306
527500 3.17423
530000 3.15256
532500 3.13076
535000 3.10638
537500 3.0794
540000 3.04645
542500 3.01003
545000 2.96988
547500 2.92876
550000 2.88442
552500 2.83843
555000 2.78615
557500 2.72758
560000 2.71443
562500 2.72263
565000 2.73155
567500 2.74072
570000 2.75047
572500 2.76
575000 2.76953
577500 2.77951
580000 2.78975
582500 2.80017
585000 2.80986
587500 2.81986
590000 2.82993
592500 2.83901
595000 2.84901
597500 2.85784
600000 2.86749
602500 2.87702
605000 2.88633
607500 2.89447
610000 2.90342
612500 2.91188
615000 2.92044
617500 2.92919
620000 2.937
622500 2.94513
625000 2.95269
627500 2.96117
630000 2.96914
632500 2.97619
635000 2.98432
637500 2.99185
640000 2.99939
642500 3.00646
645000 3.01373
647500 3.02075
650000 3.02747
652500 3.03443
655000 3.04133
657500 3.04822
660000 3.05511
662500 3.06211
665000 3.06887
667500 3.07532
670000 3.08175
672500 3.08861
675000 3.09479
677500 3.10086
680000 3.10704
682500 3.11315
685000 3.11937
687500 3.12548
690000 3.13148
692500 3.13741
695000 3.14343
697500 3.14955
700000 3.15562
702500 3.1612
705000 3.16656
707500 3.17188
710000 3.17773
712500 3.1833
715000 3.18869
717500 3.19399
720000 3.1993
722500 3.20491
725000 3.21027
727500 3.21587
730000 3.22117
732500 3.22615
735000 3.23203
737500 3.23695
740000 3.24176
742500 3.24692
745000 3.25196
747500 3.25734
750000 3.2621
752500 3.26663
755000 3.27139
757500 3.27647
760000 3.28134
762500 3.28593
765000 3.2905
767500 3.2953
770000 3.30025
772500 3.30513
775000 3.30948
777500 3.31457
780000 3.31883
782500 3.32315
785000 3.32768
787500 3.33214
790000 3.33644
792500 3.34104
795000 3.34525
797500 3.34948
800000 3.35374
802500 3.35812
805000 3.36234
807500 3.36658
810000 3.37096
812500 3.37518
815000 3.37953
817500 3.38388
820000 3.38808
822500 3.39227
825000 3.39664
827500 3.40083
830000 3.40513
832500 3.40952
835000 3.41314
837500 3.41714
840000 3.42104
842500 3.42522
845000 3.4292
847500 3.43363
850000 3.4378
852500 3.4414
855000 3.44527
857500 3.44905
860000 3.45263
862500 3.45629
865000 3.45988
867500 3.46359
870000 3.46705
872500 3.4708
875000 3.47488
877500 3.47842
880000 3.4822
882500 3.48577
885000 3.48965
887500 3.49296
890000 3.49639
892500 3.49977
895000 3.50308
897500 3.5064
900000 3.50982
902500 3.5133
905000 3.51678
907500 3.52036
910000 3.52147
912500 3.52147
915000 3.52147
917500 3.52147
920000 3.52147
922500 3.52147
925000 3.52147
927500 3.52147
930000 3.52147
932500 3.52147
935000 3.52147
937500 3.52147
940000 3.52147
942500 3.52146
945000 3.52146
947500 3.52146
950000 3.52146
952500 3.52146
955000 3.52146
957500 3.52146
960000 3.52146
962500 3.52146
965000 3.52146
967500 3.52146
970000 3.52146
972500 3.52146
975000 3.52146
977500 3.52146
980000 3.52145
982500 3.52145
985000 3.52145
987500 3.52145
990000 3.52145
992500 3.52144
995000 3.52144
997500 3.52144
1e+06 3.52143
