# time  DeltaF
2500 16.5319
5000 18.9892
7500 -0.77318
10000 5.23236
12500 13.2978
15000 17.0256
17500 7.91189
20000 1.89858
22500 -2.38166
25000 -0.00298072
27500 4.35146
30000 7.82417
32500 10.7718
35000 13.2514
37500 15.5446
40000 17.5297
42500 19.3107
45000 19.3368
47500 15.2687
50000 12.003
52500 9.24075
55000 6.85385
57500 4.78889
60000 2.88517
62500 1.28712
65000 -0.261751
67500 -1.52893
70000 -1.25345
72500 0.473927
75000 2.22276
77500 3.63876
80000 4.98039
82500 6.20371
85000 7.39035
87500 8.5499
90000 9.57987
92500 10.5759
95000 11.5104
97500 12.4056
100000 13.2842
102500 14.1132
105000 14.8781
107500 15.61
110000 16.3426
112500 17.0257
115000 17.7075
117500 18.3472
120000 18.9498
122500 18.3714
125000 16.7949
127500 15.3314
130000 13.9873
132500 12.774
135000 11.6754
137500 10.624
140000 9.61034
142500 8.69451
145000 7.80215
147500 6.92276
150000 6.09811
152500 5.33828
155000 4.58993
157500 3.87698
160000 3.19772
162500 2.53995
165000 1.9277
167500 1.28583
170000 0.716055
172500 0.168312
175000 -0.398851
177500 -0.578137
180000 0.161448
182500 0.872254
185000 1.50372
187500 2.17059
190000 2.76622
192500 3.36877
195000 3.94128
197500 4.50142
200000 5.05548
202500 5.5665
205000 6.07596
207500 6.57101
210000 7.04399
212500 7.4783
215000 7.93324
217500 8.3613
220000 8.81322
222500 9.21329
225000 9.63593
227500 10.0258
230000 10.4346
232500 10.7851
235000 11.1733
237500 11.5463
240000 11.9143
242500 12.2736
245000 12.6062
247500 12.9711
250000 13.3124
252500 13.6249
255000 13.9471
257500 14.2764
260000 14.5852
262500 14.8935
265000 15.1989
267500 15.4774
270000 15.7669
272500 16.0716
275000 16.3707
277500 16.6425
280000 16.9213
282500 17.2071
285000 17.4638
287500 17.7272
290000 17.4767
292500 16.7958
295000 16.1822
297500 15.5679
300000 14.9572
302500 14.4244
305000 13.8826
307500 13.3572
310000 12.8498
312500 12.352
315000 11.8747
317500 11.4178
320000 10.9401
322500 10.5033
325000 10.0682
327500 9.67283
330000 9.25543
332500 8.85388
335000 8.44481
337500 8.0581
340000 7.68064
342500 7.29687
345000 6.93191
347500 6.58017
350000 6.24595
352500 5.88694
355000 5.56735
357500 5.26863
360000 4.95145
362500 4.64676
365000 4.32664
367500 4.03233
370000 3.7367
372500 3.45792
375000 3.17648
377500 2.87529
380000 2.59481
382500 2.32027
385000 2.03581
387500 1.75296
390000 1.50085
392500 1.24098
395000 1.00815
397500 0.756371
400000 0.507326
402500 0.287911
405000 0.0597439
407500 -0.168753
410000 -0.398693
412500 -0.630019
415000 -0.855528
417500 -1.05863
420000 -1.13178
422500 -0.836816
425000 -0.532771
427500 -0.217205
430000 0.0534279
432500 0.347362
435000 0.655693
437500 0.939893
440000 1.23466
442500 1.51697
445000 1.7971
447500 2.05495
450000 2.32716
452500 2.57412
455000 2.83248
457500 3.09445
460000 3.33206
462500 3.55448
465000 3.77659
467500 4.02098
470000 4.25849
472500 4.47613
475000 4.69554
477500 4.9256
480000 5.14459
482500 5.36355
485000 5.58373
487500 5.80456
490000 6.01268
492500 6.21562
495000 6.41783
497500 6.62312
500000 6.80241
502500 7.00304
505000 7.2032
507500 7.39439
510000 7.57135
512500 7.75957
515000 7.94402
517500 8.12979
520000 8.319
522500 8.50436
525000 8.677
527500 8.86001
530000 9.03689
532500 9.20674
535000 9.37001
537500 9.5495
540000 9.71344
542500 9.87647
545000 10.0359
547500 10.2025
550000 10.3672
552500 10.5264
555000 10.6937
557500 10.8479
560000 11.0118
562500 11.1745
565000 11.3243
567500 11.4784
570000 11.6316
572500 11.7885
575000 11.9385
577500 12.0913
580000 12.2382
582500 12.372
585000 12.5266
587500 12.6749
590000 12.8179
592500 12.9612
595000 13.0944
597500 13.2389
600000 13.3768
602500 13.52
605000 13.6584
607500 13.7992
610000 13.9335
612500 14.075
615000 14.2104
617500 14.3397
620000 14.4618
622500 14.5925
625000 14.7259
627500 14.8598
630000 14.9884
632500 15.1084
635000 15.2348
637500 15.3571
640000 15.4843
642500 15.6074
645000 15.7268
647500 15.8422
650000 15.9529
652500 15.9027
655000 15.6358
657500 15.3559
660000 15.0885
662500 14.8267
665000 14.5627
667500 14.2965
670000 14.0323
672500 13.7935
675000 13.5431
677500 13.3043
680000 13.079
682500 12.8475
685000 12.6182
687500 12.3832
690000 12.1634
692500 11.9437
695000 11.7247
697500 11.5114
700000 11.3008
702500 11.0995
705000 10.8845
707500 10.6934
710000 10.4941
712500 10.2983
715000 10.1011
717500 9.92545
720000 9.7357
722500 9.53736
725000 9.3554
727500 9.16812
730000 8.97501
732500 8.79479
735000 8.61547
737500 8.43052
740000 8.25533
742500 8.07724
745000 7.91759
747500 7.7432
750000 7.57166
752500 7.39612
755000 7.24128
757500 7.07766
760000 6.92341
762500 6.77123
765000 6.61544
767500 6.45331
770000 6.28928
772500 6.12988
775000 5.97638
777500 5.82019
780000 5.67363
782500 5.52832
785000 5.38052
787500 5.24047
790000 5.08211
792500 4.94463
795000 4.81055
797500 4.66002
800000 4.51469
802500 4.38182
805000 4.25038
807500 4.10792
810000 3.97762
812500 3.83165
815000 3.70416
817500 3.56844
820000 3.44243
822500 3.31308
825000 3.17997
827500 3.05132
830000 2.91861
832500 2.78291
835000 2.65405
837500 2.53615
840000 2.40444
842500 2.2827
845000 2.15731
847500 2.04176
850000 1.92244
852500 1.81062
855000 1.68587
857500 1.57218
860000 1.45891
862500 1.34459
865000 1.23136
867500 1.11067
870000 0.997763
872500 0.885934
875000 0.767449
877500 0.658402
880000 0.555424
882500 0.448989
885000 0.341946
887500 0.232762
890000 0.130892
892500 0.0426722
895000 0.185547
897500 0.320615
900000 0.462312
902500 0.601307
905000 0.734053
907500 0.875313
910000 1.01535
912500 1.14801
915000 1.27789
917500 1.41192
920000 1.55099
922500 1.68707
925000 1.81859
927500 1.94924
930000 2.08057
932500 2.2021
935000 2.33251
937500 2.46578
940000 2.59652
942500 2.72561
945000 2.84268
947500 2.97001
950000 3.10018
952500 3.21595
955000 3.33275
957500 3.44801
960000 3.56371
962500 3.67444
965000 3.79125
967500 3.91164
970000 4.03028
972500 4.14517
975000 4.25655
977500 4.37485
980000 4.48679
982500 4.60422
985000 4.71317
987500 4.81741
990000 4.9236
992500 5.02407
995000 5.13288
997500 5.23263
1e+06 5.33726
