# time  DeltaF
2500 5.07844
5000 8.14195
7500 7.81557
10000 7.72987
12500 7.88532
15000 8.07572
17500 8.40495
20000 8.50494
22500 8.49357
25000 8.36293
27500 8.01624
30000 7.38343
32500 7.38423
35000 7.38775
37500 7.39593
40000 7.41644
42500 7.45408
45000 7.51807
47500 7.60693
50000 7.73903
52500 7.85279
55000 8.00776
57500 8.22246
60000 8.43545
62500 8.63192
65000 8.77284
67500 8.77269
70000 8.77205
72500 8.77009
75000 8.76512
77500 8.75513
80000 8.73329
82500 8.69714
85000 8.63304
87500 8.54517
90000 8.44434
92500 8.30605
95000 8.10057
97500 7.87678
100000 7.66662
102500 7.42562
105000 7.16875
107500 6.99297
110000 6.72458
112500 6.6973
115000 6.69747
117500 6.69774
120000 6.69818
122500 6.6988
125000 6.69981
127500 6.70122
130000 6.70284
132500 6.7061
135000 6.70978
137500 6.71368
140000 6.71861
142500 6.72536
145000 6.7309
147500 6.73759
150000 6.74868
152500 6.75862
155000 6.77333
157500 6.79073
160000 6.80913
162500 6.82575
165000 6.84778
167500 6.87237
170000 6.90094
172500 6.93107
175000 6.9614
177500 6.99134
180000 7.02874
182500 7.06676
185000 7.10374
187500 7.14138
190000 7.18373
192500 7.2268
195000 7.27208
197500 7.31859
200000 7.36481
202500 7.41071
205000 7.45853
207500 7.50992
210000 7.55631
212500 7.60561
215000 7.65669
217500 7.71027
220000 7.76056
222500 7.82171
225000 7.86768
227500 7.91912
230000 7.96719
232500 8.01461
235000 8.06704
237500 8.13527
240000 8.14189
242500 8.14186
245000 8.14181
247500 8.14174
250000 8.14163
252500 8.14146
255000 8.14126
257500 8.14107
260000 8.14079
262500 8.14043
265000 8.13996
267500 8.13938
270000 8.13855
272500 8.13698
275000 8.1354
277500 8.13355
280000 8.13151
282500 8.12879
285000 8.12441
287500 8.11932
290000 8.1138
292500 8.10764
295000 8.10164
297500 8.09281
300000 8.08253
302500 8.07126
305000 8.05879
307500 8.04598
310000 8.02695
312500 8.00648
315000 7.98456
317500 7.95416
320000 7.9116
322500 7.87981
325000 7.8475
327500 7.81386
330000 7.77936
332500 7.73941
335000 7.70107
337500 7.65656
340000 7.61433
342500 7.573
345000 7.52972
347500 7.48613
350000 7.43546
352500 7.40273
355000 7.40293
357500 7.40314
360000 7.40336
362500 7.40363
365000 7.40392
367500 7.40432
370000 7.40477
372500 7.40521
375000 7.40558
377500 7.40595
380000 7.40633
382500 7.40684
385000 7.40738
387500 7.40791
390000 7.40851
392500 7.40914
395000 7.40982
397500 7.41057
400000 7.41131
402500 7.41221
405000 7.41296
407500 7.41376
410000 7.4147
412500 7.4156
415000 7.41656
417500 7.41809
420000 7.41968
422500 7.42138
425000 7.42328
427500 7.42531
430000 7.42726
432500 7.42929
435000 7.43157
437500 7.43391
440000 7.43602
442500 7.43781
445000 7.44011
447500 7.44175
450000 7.44391
452500 7.44603
455000 7.44799
457500 7.45025
460000 7.45248
462500 7.45484
465000 7.45797
467500 7.4622
470000 7.46617
472500 7.47069
475000 7.47558
477500 7.47967
480000 7.48421
482500 7.48903
485000 7.49235
487500 7.49601
490000 7.49988
492500 7.50344
495000 7.50748
497500 7.5129
500000 7.51745
502500 7.52228
505000 7.52704
507500 7.53062
510000 7.53389
512500 7.53777
515000 7.54127
517500 7.54509
520000 7.54897
522500 7.55283
525000 7.5568
527500 7.56137
530000 7.56813
532500 7.5744
535000 7.58134
537500 7.58755
540000 7.59422
542500 7.59933
545000 7.6043
547500 7.60919
550000 7.61368
552500 7.61799
555000 7.62304
557500 7.62745
560000 7.6323
562500 7.63691
565000 7.64165
567500 7.64638
570000 7.65243
572500 7.65997
575000 7.66884
577500 7.67756
580000 7.68493
582500 7.69257
585000 7.698
587500 7.70327
590000 7.70855
592500 7.71489
595000 7.72186
597500 7.72861
600000 7.73457
602500 7.74083
605000 7.74703
607500 7.75452
610000 7.76163
612500 7.76816
615000 7.77609
617500 7.78611
620000 7.7951
622500 7.80412
625000 7.81372
627500 7.82296
630000 7.82971
632500 7.83631
635000 7.84333
637500 7.85014
640000 7.85746
642500 7.8647
645000 7.87231
647500 7.8794
650000 7.88624
652500 7.89295
655000 7.90044
657500 7.91107
660000 7.91982
662500 7.91981
665000 7.9198
667500 7.91978
670000 7.91977
672500 7.91975
675000 7.91973
677500 7.91971
680000 7.91969
682500 7.91966
685000 7.91962
687500 7.91959
690000 7.91955
692500 7.9195
695000 7.91944
697500 7.91936
700000 7.91928
702500 7.9192
705000 7.91911
707500 7.919
710000 7.91888
712500 7.91874
715000 7.91859
717500 7.91844
720000 7.91827
722500 7.91807
725000 7.91785
727500 7.91761
730000 7.91735
732500 7.91707
735000 7.91678
737500 7.91643
740000 7.91606
742500 7.91562
745000 7.91517
747500 7.91467
750000 7.91411
752500 7.91336
755000 7.91246
757500 7.91146
760000 7.91059
762500 7.90971
765000 7.90872
767500 7.90733
770000 7.90592
772500 7.90479
775000 7.90364
777500 7.90211
780000 7.90079
782500 7.89939
785000 7.89787
787500 7.89627
790000 7.89469
792500 7.89292
795000 7.89099
797500 7.88888
800000 7.88597
802500 7.88337
805000 7.8808
807500 7.8785
810000 7.8757
812500 7.87311
815000 7.87021
817500 7.8672
820000 7.86372
822500 7.85946
825000 7.85583
827500 7.85083
830000 7.84589
832500 7.84134
835000 7.83684
837500 7.83197
840000 7.82544
842500 7.8199
845000 7.81492
847500 7.80943
850000 7.80343
852500 7.79752
855000 7.78937
857500 7.78067
860000 7.77262
862500 7.76582
865000 7.75633
867500 7.74599
870000 7.73617
872500 7.72766
875000 7.71992
877500 7.71118
880000 7.70258
882500 7.69304
885000 7.6805
887500 7.67059
890000 7.66026
892500 7.64624
895000 7.63333
897500 7.6229
900000 7.62307
902500 7.62326
905000 7.62345
907500 7.62365
910000 7.62385
912500 7.62407
915000 7.62429
917500 7.62452
920000 7.62476
922500 7.62504
925000 7.6253
927500 7.62555
930000 7.62582
932500 7.62611
935000 7.62641
937500 7.62673
940000 7.62705
942500 7.62739
945000 7.62772
947500 7.62805
950000 7.62841
952500 7.62879
955000 7.62917
957500 7.62957
960000 7.62996
962500 7.63036
965000 7.63076
967500 7.63121
970000 7.63166
972500 7.63212
975000 7.63262
977500 7.63299
980000 7.63334
982500 7.63372
985000 7.63412
987500 7.63467
990000 7.63508
992500 7.63551
995000 7.63592
997500 7.63635
1e+06 7.63684
