#! FIELDS time phi psi sigma_phi sigma_psi height logweight
#! SET action OPES_METAD_EXPLORE_kernels
#! SET biasfactor       12.02723567113983
#! SET epsilon      0.3359864125576889
#! SET kernel_cutoff       4.904535792741211
#! SET compression_threshold                       1
#! SET min_phi -pi
#! SET max_phi pi
#! SET min_psi -pi
#! SET max_psi pi
                     10     -1.711317198294125     0.6917433674816875      1.750688023237587      2.728684114439506      1.259921049894873     -12.02723567113983
                     11     -1.840708448812823      2.750711530816802      1.565647261165146      2.442562151472677      1.573858954315783     0.9116409192986441
                     12     -2.596238376894097     -3.113775737012938      1.439360103961792      2.238013531360663      1.868414316378752      1.297264591488452
                     13     -1.208241547185208      1.936981590722848      1.338701193909859      2.074351766282065      2.167401147379219      1.848723281075365
                     14     -1.333127775556026      0.347954296611146      1.256437128170804      1.973153894912042      2.427748165080951     0.5722464693080701
                     15     -1.351699730915281     0.4735260079678492      1.186269101342037      1.866305729630096      2.718562658520054      1.960643094693238
                     16     -1.512866590360278       0.94092286014524       1.12557209568238      1.774938265882614       3.01265072930688      2.991976543490831
                     17     -1.537543232957653      1.000736342667944      1.072621923491712      1.692762090050028      3.314841455418747       3.09431570169833
                     18     -1.390599513692731     0.8813180008789603      1.025474443595714      1.619184536986385      3.624800973887183       2.97240075169108
                     19     -1.241665921259104     0.9165721615706346     0.9834920751054316      1.554136193696861      3.937725297077217      2.877357225457476
                     20     -1.247553394801991     0.4415880031607706     0.9458939996762195      1.494468131573315      4.257711456751417      2.513355831925557
                   9990     0.6923810779334589     0.0795840533278529     0.2685184284538857     0.3370110685653366       66.5100223233276      6.785949180670438
                   9991      1.142952364795572     -2.064665629696297     0.2685023385829553     0.3370089194831087      66.51443205895039      5.015307335349001
                   9992      1.112225035878897    -0.0490487246200968     0.2684873120831258     0.3369990891619608      66.52009503558332      8.616880057147172
                   9993      1.028625517039269     -1.717788175931407     0.2684710805385078     0.3369835793507644       66.5271785872831      7.442556420593496
                   9994    -0.6086537275819932      2.045031373131861     0.2684552499677084     0.3369696392065183      66.53385397116676       4.78137429353489
                   9995     -2.546117339031153      3.139665691020317     0.2684891757302839     0.3369920657209264      66.52101967686175      12.15040155765247
                   9996      -1.67772745369465      2.528018163772855     0.2685383694393149      0.337018864384834      66.50354508028913      11.64252343338577
                   9997     -1.413001028806556     0.9066308929445714     0.2685365102922244     0.3370137083551373      66.50502295740029      13.30763562887222
                   9998     -1.507216536558305     -0.753289817354438     0.2685345771652624     0.3370015738437968      66.50789639630136       5.19144611633373
                   9999      -2.69553673621514      2.524427430494312     0.2685578557330439     0.3369857670101181      66.50525088292834      12.58887594495973
                  10000     -2.289804677330603      2.376834667002307     0.2685907561630109     0.3370079724293626      66.49272298237777      12.52670800395906
