# time  DeltaF
2500 14.0298
5000 18.8762
7500 -0.66356
10000 4.31671
12500 12.4381
15000 18.0524
17500 22.095
20000 23.5463
22500 15.3165
25000 9.06193
27500 4.49982
30000 0.77329
32500 -1.43388
35000 2.25052
37500 5.1632
40000 7.6913
42500 9.99768
45000 11.9744
47500 13.7596
50000 15.4705
52500 16.9282
55000 18.3578
57500 17.9097
60000 14.7933
62500 12.186
65000 9.97455
67500 7.98368
70000 6.12844
72500 4.53915
75000 3.03674
77500 1.68617
80000 1.20962
82500 2.67131
85000 3.9842
87500 5.26701
90000 6.38789
92500 7.48502
95000 8.5553
97500 9.46601
100000 10.3474
102500 11.1798
105000 11.9938
107500 12.8426
110000 13.6096
112500 14.3648
115000 15.0792
117500 15.7884
120000 16.4322
122500 17.0679
125000 17.6862
127500 18.3106
130000 18.8685
132500 19.4051
135000 19.9139
137500 20.4193
140000 20.8901
142500 21.3268
145000 21.7532
147500 22.1087
150000 22.4128
152500 22.1408
155000 20.9183
157500 19.6578
160000 18.3731
162500 17.2188
165000 16.0766
167500 15.0356
170000 14.0404
172500 13.1285
175000 12.2432
177500 11.4048
180000 10.5773
182500 9.80098
185000 9.07218
187500 8.40402
190000 7.70729
192500 7.04097
195000 6.34859
197500 5.77417
200000 5.16697
202500 4.62908
205000 4.09064
207500 4.12194
210000 4.66424
212500 5.17474
215000 5.6556
217500 6.08972
220000 6.52301
222500 7.01184
225000 7.45217
227500 7.899
230000 8.31474
232500 8.72727
235000 9.12594
237500 9.51898
240000 9.87984
242500 10.2553
245000 10.6432
247500 11.0002
250000 11.3539
252500 11.7065
255000 12.0622
257500 12.3966
260000 12.7253
262500 13.0277
265000 13.3463
267500 13.6635
270000 13.9638
272500 14.2367
275000 14.5354
277500 14.8203
280000 15.1226
282500 15.4052
285000 15.6832
287500 15.9619
290000 16.2303
292500 16.4854
295000 16.7377
297500 17.0051
300000 17.2681
302500 17.5233
305000 17.7566
307500 17.0871
310000 16.4753
312500 15.8913
315000 15.3462
317500 14.7786
320000 14.2436
322500 13.7455
325000 13.2475
327500 12.7704
330000 12.2913
332500 11.8473
335000 11.4002
337500 10.9608
340000 10.5555
342500 10.166
345000 9.74564
347500 9.34117
350000 8.97126
352500 8.59256
355000 8.22532
357500 7.87088
360000 7.49048
362500 7.17169
365000 6.82971
367500 6.53009
370000 6.21938
372500 5.89172
375000 5.57642
377500 5.27374
380000 4.96175
382500 4.65326
385000 4.35547
387500 4.05467
390000 3.79795
392500 3.51214
395000 3.30251
397500 3.60612
400000 3.89172
402500 4.1668
405000 4.43147
407500 4.70237
410000 4.95944
412500 5.22245
415000 5.48003
417500 5.73364
420000 5.97729
422500 6.21702
425000 6.46019
427500 6.71198
430000 6.94971
432500 7.18526
435000 7.41612
437500 7.62919
440000 7.86212
442500 8.08138
445000 8.29854
447500 8.50207
450000 8.69754
452500 8.90231
455000 9.10758
457500 9.3051
460000 9.50666
462500 9.7164
465000 9.90573
467500 10.0935
470000 10.2857
472500 10.4661
475000 10.6643
477500 10.8495
480000 11.0296
482500 11.2164
485000 11.3949
487500 11.565
490000 11.7488
492500 11.9278
495000 12.1018
497500 12.2845
500000 12.4614
502500 12.6248
505000 12.7944
507500 12.9618
510000 13.1272
512500 13.2811
515000 13.4436
517500 13.6042
520000 13.7553
522500 13.9115
525000 14.0629
527500 14.2086
530000 14.3643
532500 14.518
535000 14.6709
537500 14.8205
540000 14.9697
542500 15.1081
545000 15.2502
547500 15.3963
550000 15.5439
552500 15.6911
555000 15.8319
557500 15.9715
560000 16.1192
562500 16.2639
565000 16.3976
567500 16.5374
570000 16.6766
572500 16.8093
575000 16.9345
577500 16.7982
580000 16.4643
582500 16.138
585000 15.8246
587500 15.504
590000 15.2033
592500 14.9139
595000 14.6318
597500 14.349
600000 14.0778
602500 13.7999
605000 13.5391
607500 13.2746
610000 13.0027
612500 12.7452
615000 12.5026
617500 12.2579
620000 12.0185
622500 11.7775
625000 11.5321
627500 11.2957
630000 11.0673
632500 10.8529
635000 10.6221
637500 10.3977
640000 10.1826
642500 9.96272
645000 9.74655
647500 9.53876
650000 9.32731
652500 9.12745
655000 8.93212
657500 8.71514
660000 8.51509
662500 8.32849
665000 8.13032
667500 7.92984
670000 7.76097
672500 7.57304
675000 7.38325
677500 7.19727
680000 7.00862
682500 6.83264
685000 6.66492
687500 6.47181
690000 6.28662
692500 6.12259
695000 5.95887
697500 5.7916
700000 5.62829
702500 5.47009
705000 5.31823
707500 5.14463
710000 4.98038
712500 4.82123
715000 4.65711
717500 4.49395
720000 4.33503
722500 4.18471
725000 4.03016
727500 3.88567
730000 3.73708
732500 3.58318
735000 3.44043
737500 3.29076
740000 3.14729
742500 3.01124
745000 2.84977
747500 2.7116
750000 2.56567
752500 2.42073
755000 2.47187
757500 2.63293
760000 2.78896
762500 2.94551
765000 3.10625
767500 3.25974
770000 3.41146
772500 3.5623
775000 3.70741
777500 3.85658
780000 3.99638
782500 4.13049
785000 4.28176
787500 4.41911
790000 4.56202
792500 4.69539
795000 4.83388
797500 4.96707
800000 5.09079
802500 5.22562
805000 5.35147
807500 5.47514
810000 5.60734
812500 5.73846
815000 5.86261
817500 5.98413
820000 6.11589
822500 6.24464
825000 6.36154
827500 6.47553
830000 6.59927
832500 6.7212
835000 6.83791
837500 6.9479
840000 7.07013
842500 7.1863
845000 7.30078
847500 7.42044
850000 7.53587
852500 7.64505
855000 7.75829
857500 7.87452
860000 7.99247
862500 8.10539
865000 8.21475
867500 8.32864
870000 8.43393
872500 8.54868
875000 8.6533
877500 8.76825
880000 8.87265
882500 8.98249
885000 9.08372
887500 9.18966
890000 9.29634
892500 9.41171
895000 9.51454
897500 9.60734
900000 9.70612
902500 9.81115
905000 9.90945
907500 10.0037
910000 10.1
912500 10.2005
915000 10.2961
917500 10.3949
920000 10.4854
922500 10.3368
925000 10.1827
927500 10.0262
930000 9.87528
932500 9.72109
935000 9.57002
937500 9.42623
940000 9.28548
942500 9.13738
945000 8.99418
947500 8.85951
950000 8.71717
952500 8.57762
955000 8.43462
957500 8.30201
960000 8.16633
962500 8.02665
965000 7.88699
967500 7.75302
970000 7.6268
972500 7.49807
975000 7.37633
977500 7.25264
980000 7.12826
982500 7.00687
985000 6.88224
987500 6.76363
990000 6.64394
992500 6.52571
995000 6.41687
997500 6.29568
1e+06 6.17944
