# time  DeltaF
2500 3.88394
5000 4.53453
7500 2.49946
10000 1.55964
12500 1.99881
15000 2.26555
17500 2.47015
20000 2.61509
22500 2.61509
25000 2.61487
27500 2.60066
30000 2.29605
32500 1.59418
35000 1.73142
37500 1.89171
40000 2.02845
42500 2.14886
45000 2.24536
47500 2.32923
50000 2.40874
52500 2.47557
55000 2.53957
57500 2.57774
60000 2.57773
62500 2.57772
65000 2.57765
67500 2.57721
70000 2.57476
72500 2.56502
75000 2.52823
77500 2.42497
80000 2.29724
82500 2.37057
85000 2.43847
87500 2.50452
90000 2.56165
92500 2.61739
95000 2.67059
97500 2.71442
100000 2.75595
102500 2.79405
105000 2.8321
107500 2.87128
110000 2.90544
112500 2.93928
115000 2.97076
117500 3.00216
120000 3.0299
122500 3.05762
125000 3.08462
127500 3.11142
130000 3.13521
132500 3.15856
135000 3.18027
137500 3.20309
140000 3.22495
142500 3.24563
145000 3.26607
147500 3.28556
150000 3.30573
152500 3.31734
155000 3.31734
157500 3.31734
160000 3.31734
162500 3.31734
165000 3.31734
167500 3.31734
170000 3.31733
172500 3.31733
175000 3.31732
177500 3.31729
180000 3.31724
182500 3.31713
185000 3.31693
187500 3.31659
190000 3.31591
192500 3.31469
195000 3.3123
197500 3.30879
200000 3.30241
202500 3.2931
205000 3.27788
207500 3.28361
210000 3.31283
212500 3.33929
215000 3.36421
217500 3.3865
220000 3.40859
222500 3.43332
225000 3.45551
227500 3.4776
230000 3.49774
232500 3.51732
235000 3.53609
237500 3.55469
240000 3.5717
242500 3.58932
245000 3.60781
247500 3.62449
250000 3.64071
252500 3.65718
255000 3.67355
257500 3.68881
260000 3.70374
262500 3.7171
265000 3.73165
267500 3.74609
270000 3.75936
272500 3.77105
275000 3.78421
277500 3.79715
280000 3.81059
282500 3.82292
285000 3.83487
287500 3.84729
290000 3.8588
292500 3.86968
295000 3.88041
297500 3.89207
300000 3.90337
302500 3.9142
305000 3.92492
307500 3.92492
310000 3.92492
312500 3.92492
315000 3.92492
317500 3.92492
320000 3.92492
322500 3.92491
325000 3.92491
327500 3.9249
330000 3.92488
332500 3.92487
335000 3.92484
337500 3.92479
340000 3.92474
342500 3.92466
345000 3.92453
347500 3.92436
350000 3.92413
352500 3.9238
355000 3.92334
357500 3.92272
360000 3.92179
362500 3.92073
365000 3.91919
367500 3.9174
370000 3.91489
372500 3.91131
375000 3.9067
377500 3.90093
380000 3.89297
382500 3.88257
385000 3.86975
387500 3.8526
390000 3.8344
392500 3.80842
395000 3.78347
397500 3.7995
400000 3.8144
402500 3.82901
405000 3.84263
407500 3.85652
410000 3.86965
412500 3.88319
415000 3.89619
417500 3.90885
420000 3.92086
422500 3.93304
425000 3.94536
427500 3.95786
430000 3.96943
432500 3.98088
435000 3.9921
437500 4.00227
440000 4.01385
442500 4.02439
445000 4.03485
447500 4.0443
450000 4.05334
452500 4.06269
455000 4.07231
457500 4.08183
460000 4.09117
462500 4.10105
465000 4.10967
467500 4.11825
470000 4.12711
472500 4.13542
475000 4.14452
477500 4.15288
480000 4.16105
482500 4.16942
485000 4.17723
487500 4.18487
490000 4.19342
492500 4.20141
495000 4.20918
497500 4.21748
500000 4.22545
502500 4.23283
505000 4.24034
507500 4.24779
510000 4.25517
512500 4.26207
515000 4.26922
517500 4.27621
520000 4.28271
522500 4.28948
525000 4.29615
527500 4.30246
530000 4.30934
532500 4.31602
535000 4.32248
537500 4.32904
540000 4.33537
542500 4.34123
545000 4.34726
547500 4.35362
550000 4.36006
552500 4.36649
555000 4.37256
557500 4.3786
560000 4.38485
562500 4.39114
565000 4.39666
567500 4.40253
570000 4.40844
572500 4.41402
575000 4.41932
577500 4.42186
580000 4.42186
582500 4.42186
585000 4.42186
587500 4.42186
590000 4.42186
592500 4.42185
595000 4.42185
597500 4.42185
600000 4.42185
602500 4.42184
605000 4.42184
607500 4.42184
610000 4.42183
612500 4.42182
615000 4.42181
617500 4.4218
620000 4.42178
622500 4.42176
625000 4.42174
627500 4.42171
630000 4.42167
632500 4.42163
635000 4.42158
637500 4.42152
640000 4.42144
642500 4.42135
645000 4.42123
647500 4.4211
650000 4.42093
652500 4.42075
655000 4.42053
657500 4.42023
660000 4.4199
662500 4.41953
665000 4.41906
667500 4.4185
670000 4.41794
672500 4.41719
675000 4.4163
677500 4.41526
680000 4.41399
682500 4.41262
685000 4.41109
687500 4.40895
690000 4.40656
692500 4.40415
695000 4.40128
697500 4.39791
700000 4.39404
702500 4.38975
705000 4.38495
707500 4.37863
710000 4.37172
712500 4.36407
715000 4.35511
717500 4.34461
720000 4.33296
722500 4.32058
725000 4.30594
727500 4.29066
730000 4.27271
732500 4.2519
735000 4.23028
737500 4.20556
740000 4.17885
742500 4.15139
745000 4.11435
747500 4.07994
750000 4.04074
752500 3.99742
755000 3.98787
757500 3.99608
760000 4.00429
762500 4.01232
765000 4.02072
767500 4.02864
770000 4.03642
772500 4.04438
775000 4.0518
777500 4.05948
780000 4.06662
782500 4.07342
785000 4.08123
787500 4.08821
790000 4.09547
792500 4.10216
795000 4.10903
797500 4.11564
800000 4.12181
802500 4.12856
805000 4.13476
807500 4.14076
810000 4.14735
812500 4.15384
815000 4.15979
817500 4.16565
820000 4.17213
822500 4.17839
825000 4.18408
827500 4.18953
830000 4.19544
832500 4.20139
835000 4.20711
837500 4.21225
840000 4.21813
842500 4.22361
845000 4.22907
847500 4.23483
850000 4.24031
852500 4.24552
855000 4.25086
857500 4.25636
860000 4.262
862500 4.26736
865000 4.27253
867500 4.27786
870000 4.28276
872500 4.28816
875000 4.29289
877500 4.29831
880000 4.30313
882500 4.30829
885000 4.31301
887500 4.31793
890000 4.32283
892500 4.32829
895000 4.333
897500 4.33712
900000 4.34168
902500 4.34647
905000 4.35093
907500 4.35519
910000 4.35951
912500 4.36416
915000 4.36843
917500 4.37291
920000 4.37731
922500 4.37726
925000 4.37721
927500 4.37715
930000 4.37708
932500 4.377
935000 4.37691
937500 4.37682
940000 4.37671
942500 4.37658
945000 4.37643
947500 4.37628
950000 4.3761
952500 4.37589
955000 4.37565
957500 4.3754
960000 4.3751
962500 4.37475
965000 4.37435
967500 4.37392
970000 4.37347
972500 4.37294
975000 4.37239
977500 4.37177
980000 4.37105
982500 4.37027
985000 4.36939
987500 4.36845
990000 4.36738
992500 4.3662
995000 4.36501
997500 4.36353
1e+06 4.36192
