# time  av_DeltaF  std_DeltaF
2500 9.72218 4.73782
5000 18.7284 5.16217
7500 2.4565 4.27704
10000 3.93821 5.00591
12500 12.1713 4.13977
15000 17.5709 3.21924
17500 19.2284 3.81075
20000 17.2394 6.40195
22500 10.9107 6.17678
25000 5.77208 4.85761
27500 2.86635 2.85238
30000 1.5257 3.02067
32500 2.06557 4.23101
35000 4.52201 4.51037
37500 7.13067 4.50537
40000 9.46401 4.5281
42500 11.6591 4.26824
45000 13.5274 3.96493
47500 15.0561 3.59839
50000 16.3107 3.38031
52500 16.9337 3.25831
55000 17.1709 3.5389
57500 16.6665 4.25389
60000 15.5006 5.0478
62500 13.8733 5.53339
65000 12.2312 6.07254
67500 10.513 6.31811
70000 8.74005 6.02585
72500 7.16283 5.69973
75000 5.78769 5.51906
77500 4.75565 5.26179
80000 4.15216 4.96168
82500 3.82111 4.28225
85000 3.58111 3.84316
87500 3.49627 3.73038
90000 3.76868 3.63463
92500 4.34172 3.46373
95000 4.93403 3.52238
97500 5.49378 3.8114
100000 6.11486 4.10869
102500 6.77344 4.36909
105000 7.53581 4.45589
107500 8.36215 4.36805
110000 9.16678 4.33411
112500 10.0024 4.24467
115000 10.7485 4.09086
117500 11.4347 3.95334
120000 12.0839 3.86195
122500 12.6712 3.73936
125000 13.1968 3.62101
127500 13.625 3.49863
130000 14.0416 3.49583
132500 14.4163 3.59079
135000 14.7464 3.79391
137500 15.0643 4.05485
140000 15.3231 4.31855
142500 15.4149 4.47415
145000 15.3918 4.64895
147500 15.3259 4.88572
150000 15.2177 5.12199
152500 15.0956 5.2843
155000 14.8268 5.28066
157500 14.448 5.28716
160000 14.0374 5.33613
162500 13.6601 5.48773
165000 13.3026 5.7112
167500 12.9502 5.97988
170000 12.5604 6.20881
172500 12.0866 6.35927
175000 11.5667 6.45347
177500 11.0892 6.55128
180000 10.698 6.54708
182500 10.2799 6.52468
185000 9.90409 6.52819
187500 9.47377 6.36949
190000 8.9777 6.12826
192500 8.50844 5.92944
195000 7.99741 5.65822
197500 7.51481 5.44132
200000 7.04588 5.26726
202500 6.62993 5.08463
205000 6.26521 4.91693
207500 5.9524 4.74913
210000 5.74154 4.54414
212500 5.56472 4.37794
215000 5.42186 4.21431
217500 5.29364 4.12074
220000 5.21086 4.04132
222500 5.13192 4.02861
225000 5.05631 4.08209
227500 5.01212 4.154
230000 4.9809 4.26175
232500 4.95842 4.39625
235000 4.98144 4.31548
237500 5.05609 4.22097
240000 5.12204 4.17563
242500 5.2001 4.18169
245000 5.29966 4.19754
247500 5.405 4.25845
250000 5.5244 4.33059
252500 5.6619 4.41283
255000 5.79898 4.52233
257500 5.93667 4.65756
260000 6.09009 4.77912
262500 6.27162 4.87552
265000 6.49687 4.93179
267500 6.71541 5.00175
270000 6.939 5.08351
272500 7.1469 5.18752
275000 7.35772 5.22994
277500 7.57173 5.2382
280000 7.80802 5.22989
282500 8.06086 5.19473
285000 8.30958 5.17791
287500 8.58162 5.11611
290000 8.83178 5.0275
292500 9.05634 4.92508
295000 9.28184 4.84414
297500 9.50479 4.77195
300000 9.71997 4.72129
302500 9.93683 4.68206
305000 10.1474 4.66245
307500 10.3197 4.5992
310000 10.4925 4.55702
312500 10.6619 4.53352
315000 10.8342 4.52984
317500 11.0042 4.54049
320000 11.1458 4.52922
322500 11.2727 4.51976
325000 11.4021 4.52853
327500 11.5475 4.4699
330000 11.6373 4.37912
332500 11.7324 4.30941
335000 11.8014 4.24112
337500 11.8563 4.18596
340000 11.9176 4.15836
342500 11.9795 4.15564
345000 12.0423 4.17913
347500 12.1035 4.22465
350000 12.1686 4.28317
352500 12.2052 4.32706
355000 12.2396 4.37205
357500 12.2745 4.43509
360000 12.3101 4.5185
362500 12.3456 4.61708
365000 12.3837 4.7327
367500 12.4053 4.84586
370000 12.4144 4.87438
372500 12.415 4.90833
375000 12.4188 4.96201
377500 12.4242 5.02933
380000 12.4314 5.11164
382500 12.4217 5.17763
385000 12.4004 5.24512
387500 12.3716 5.30202
390000 12.3295 5.34871
392500 12.288 5.41214
395000 12.2542 5.48367
397500 12.2383 5.53981
400000 12.2144 5.5969
402500 12.1731 5.6456
405000 12.1355 5.713
407500 12.1001 5.78661
410000 12.0663 5.87556
412500 12.033 5.97129
415000 11.9978 6.07604
417500 11.9401 6.15015
420000 11.872 6.20438
422500 11.8121 6.2303
425000 11.7574 6.26916
427500 11.7009 6.31592
430000 11.6382 6.32529
432500 11.5808 6.33717
435000 11.5269 6.36366
437500 11.4487 6.33022
440000 11.3715 6.29536
442500 11.2981 6.27653
445000 11.2159 6.25462
447500 11.1195 6.22166
450000 11.0259 6.19403
452500 10.936 6.14781
455000 10.8404 6.084
457500 10.7282 6.00224
460000 10.6153 5.9281
462500 10.5031 5.8688
465000 10.3916 5.8183
467500 10.2696 5.69961
470000 10.1393 5.56416
472500 10.0098 5.44197
475000 9.88403 5.33231
477500 9.75126 5.19912
480000 9.62925 5.05039
482500 9.50854 4.91517
485000 9.3779 4.80319
487500 9.24304 4.69935
490000 9.10787 4.61089
492500 8.97898 4.53152
495000 8.85553 4.46741
497500 8.73207 4.41349
500000 8.61168 4.37018
502500 8.49692 4.34089
505000 8.38238 4.32458
507500 8.27348 4.30706
510000 8.17717 4.27597
512500 8.08288 4.25915
515000 7.99292 4.25048
517500 7.90309 4.25506
520000 7.8124 4.26894
522500 7.72482 4.29246
525000 7.63864 4.32394
527500 7.5542 4.36533
530000 7.48117 4.39481
532500 7.41956 4.42489
535000 7.35903 4.46619
537500 7.29731 4.51252
540000 7.2344 4.56964
542500 7.17913 4.62001
545000 7.13364 4.66487
547500 7.09304 4.71898
550000 7.05158 4.77959
552500 7.0069 4.84634
555000 6.99033 4.88681
557500 6.96094 4.89267
560000 6.96199 4.88133
562500 6.95376 4.83495
565000 6.93981 4.78039
567500 6.92626 4.73707
570000 6.92628 4.68802
572500 6.92739 4.64702
575000 6.92954 4.61623
577500 6.92141 4.57292
580000 6.90933 4.51671
582500 6.9104 4.4514
585000 6.91313 4.40159
587500 6.91442 4.35915
590000 6.9144 4.32649
592500 6.91506 4.30401
595000 6.91791 4.28999
597500 6.91972 4.28587
600000 6.9236 4.2903
602500 6.92784 4.30133
605000 6.93296 4.32032
607500 6.93556 4.34826
610000 6.9396 4.38107
612500 6.94328 4.4229
615000 6.9488 4.46857
617500 6.96389 4.51021
620000 6.9881 4.54339
622500 7.01983 4.56756
625000 7.05109 4.60011
627500 7.0849 4.63386
630000 7.11551 4.67527
632500 7.14753 4.7253
635000 7.18018 4.77738
637500 7.22457 4.81605
640000 7.27239 4.85478
642500 7.31689 4.88553
645000 7.34532 4.90894
647500 7.37653 4.93453
650000 7.42907 4.9344
652500 7.4792 4.92202
655000 7.52969 4.88699
657500 7.59401 4.84067
660000 7.66566 4.78667
662500 7.7454 4.72539
665000 7.82545 4.66619
667500 7.90458 4.61287
670000 7.9836 4.56501
672500 8.06329 4.52256
675000 8.13766 4.48363
677500 8.19701 4.42543
680000 8.26047 4.37076
682500 8.32132 4.32284
685000 8.38122 4.28282
687500 8.44079 4.24492
690000 8.50162 4.21629
692500 8.56232 4.1918
695000 8.62066 4.17176
697500 8.67777 4.15688
700000 8.73537 4.14793
702500 8.79397 4.14272
705000 8.85269 4.14252
707500 8.91056 4.14793
710000 8.9602 4.13433
712500 9.00208 4.10843
715000 9.0452 4.08969
717500 9.08632 4.07824
720000 9.12739 4.07038
722500 9.1696 4.06858
725000 9.21 4.07155
727500 9.25022 4.07742
730000 9.29035 4.0895
732500 9.32979 4.10744
735000 9.37277 4.12895
737500 9.41111 4.15553
740000 9.45151 4.18419
742500 9.49359 4.21644
745000 9.53298 4.25342
747500 9.57397 4.29701
750000 9.61461 4.34074
752500 9.65434 4.38707
755000 9.71381 4.40086
757500 9.77742 4.41078
760000 9.84169 4.42303
762500 9.90321 4.44031
765000 9.96538 4.45823
767500 10.0267 4.481
770000 10.0882 4.50513
772500 10.1486 4.53103
775000 10.2076 4.55976
777500 10.2534 4.56529
780000 10.2999 4.57644
782500 10.3469 4.59154
785000 10.3928 4.6075
787500 10.4389 4.62883
790000 10.484 4.65209
792500 10.5306 4.67765
795000 10.576 4.70563
797500 10.6275 4.72923
800000 10.6831 4.74635
802500 10.7399 4.76561
805000 10.7951 4.78881
807500 10.8504 4.81304
810000 10.9171 4.81762
812500 10.9794 4.82134
815000 11.0213 4.82091
817500 11.0632 4.82463
820000 11.0948 4.81964
822500 11.1245 4.81627
825000 11.1532 4.81773
827500 11.1819 4.82145
830000 11.2107 4.82851
832500 11.2409 4.83871
835000 11.2698 4.85238
837500 11.3 4.86847
840000 11.3264 4.88563
842500 11.3427 4.88811
845000 11.3591 4.89467
847500 11.3755 4.90718
850000 11.3919 4.92071
852500 11.4078 4.93762
855000 11.4254 4.95892
857500 11.4429 4.98136
860000 11.4602 5.00691
862500 11.4793 5.03541
865000 11.4977 5.0658
867500 11.5155 5.0999
870000 11.5326 5.13596
872500 11.5497 5.17382
875000 11.5667 5.21478
877500 11.583 5.25076
880000 11.5895 5.28107
882500 11.5955 5.3118
885000 11.6013 5.34618
887500 11.6073 5.38314
890000 11.6131 5.42183
892500 11.6216 5.45887
895000 11.6392 5.48129
897500 11.6466 5.4945
900000 11.6495 5.50495
902500 11.6546 5.51776
905000 11.6584 5.5328
907500 11.662 5.55102
910000 11.6481 5.54437
912500 11.6353 5.51589
915000 11.6148 5.47638
917500 11.5944 5.43758
920000 11.5748 5.40218
922500 11.546 5.37253
925000 11.5171 5.34709
927500 11.489 5.32674
930000 11.4617 5.30791
932500 11.4341 5.29496
935000 11.3956 5.26667
937500 11.3457 5.2257
940000 11.2982 5.1875
942500 11.2503 5.15422
945000 11.2012 5.1229
947500 11.1445 5.08639
950000 11.0875 5.05449
952500 11.0319 5.02704
955000 10.9722 4.99888
957500 10.9057 4.96836
960000 10.8408 4.94249
962500 10.777 4.91877
965000 10.7081 4.89233
967500 10.6334 4.86501
970000 10.5609 4.84341
972500 10.4882 4.82167
975000 10.4166 4.80427
977500 10.347 4.7899
980000 10.2816 4.77042
982500 10.2236 4.7456
985000 10.1736 4.71769
987500 10.124 4.69161
990000 10.065 4.65423
992500 10.0068 4.6188
995000 9.95941 4.57048
997500 9.91256 4.52448
1e+06 9.86412 4.482
