# time  DeltaF
2500 20.9244
5000 20.4524
7500 17.7769
10000 15.4423
12500 13.405
15000 11.5099
17500 9.88389
20000 8.43416
22500 7.06459
25000 5.77347
27500 4.59363
30000 3.49197
32500 2.60053
35000 1.73541
37500 1.06359
40000 0.553211
42500 0.138575
45000 -0.223459
47500 -0.499897
50000 -0.71405
52500 -0.90466
55000 -1.04779
57500 -0.96767
60000 -0.733688
62500 -0.52006
65000 -0.320014
67500 -0.136575
70000 0.0324947
72500 0.187209
75000 0.336743
77500 0.474959
80000 0.597017
82500 0.711532
85000 0.807918
87500 0.906388
90000 1.00168
92500 1.08498
95000 1.15815
97500 1.23089
100000 1.29711
102500 1.35778
105000 1.41367
107500 1.47074
110000 1.52331
112500 1.57191
115000 1.62016
117500 1.66763
120000 1.71076
122500 1.75352
125000 1.79669
127500 1.83737
130000 1.87428
132500 1.91281
135000 1.94726
137500 1.97961
140000 2.01344
142500 2.04306
145000 2.07519
147500 2.10653
150000 2.13728
152500 2.16636
155000 2.19278
157500 2.21947
160000 2.24804
162500 2.27288
165000 2.29664
167500 2.32271
170000 2.34766
172500 2.37041
175000 2.39223
177500 2.41359
180000 2.43448
182500 2.45355
185000 2.473
187500 2.49326
190000 2.51353
192500 2.53175
195000 2.55019
197500 2.56846
200000 2.58633
202500 2.60545
205000 2.62273
207500 2.63952
210000 2.65598
212500 2.67217
215000 2.6888
217500 2.70431
220000 2.72014
222500 2.73588
225000 2.75156
227500 2.7667
230000 2.7802
232500 2.79527
235000 2.80961
237500 2.82367
240000 2.83716
242500 2.85035
245000 2.86468
247500 2.87848
250000 2.89311
252500 2.90642
255000 2.91875
257500 2.92994
260000 2.94219
262500 2.9545
265000 2.96722
267500 2.97906
270000 2.99099
272500 3.00152
275000 3.012
277500 3.0234
280000 3.03518
282500 3.04707
285000 3.058
287500 3.06788
290000 3.0791
292500 3.08928
295000 3.09977
297500 3.11036
300000 3.12024
302500 3.1301
305000 3.13983
307500 3.14987
310000 3.15981
312500 3.16946
315000 3.17914
317500 3.18818
320000 3.19767
322500 3.20696
325000 3.2157
327500 3.224
330000 3.23205
332500 3.24006
335000 3.24824
337500 3.25645
340000 3.26496
342500 3.27257
345000 3.28089
347500 3.28909
350000 3.29661
352500 3.30422
355000 3.31184
357500 3.31935
360000 3.32695
362500 3.33446
365000 3.34187
367500 3.34994
370000 3.35743
372500 3.36447
375000 3.37233
377500 3.38006
380000 3.38708
382500 3.39466
385000 3.40212
387500 3.40927
390000 3.41693
392500 3.42408
395000 3.43141
397500 3.43839
400000 3.44556
402500 3.45253
405000 3.45945
407500 3.46591
410000 3.47271
412500 3.47957
415000 3.48602
417500 3.49232
420000 3.4993
422500 3.5054
425000 3.51185
427500 3.51856
430000 3.52474
432500 3.5314
435000 3.5376
437500 3.54415
440000 3.55035
442500 3.55638
445000 3.56261
447500 3.56931
450000 3.57569
452500 3.58205
455000 3.58785
457500 3.59365
460000 3.59982
462500 3.60563
465000 3.61202
467500 3.61817
470000 3.62431
472500 3.63008
475000 3.63566
477500 3.64136
480000 3.64722
482500 3.65337
485000 3.65825
487500 3.66361
490000 3.66903
492500 3.67455
495000 3.68014
497500 3.6853
500000 3.69071
502500 3.69623
505000 3.70178
507500 3.70726
510000 3.71284
512500 3.71828
515000 3.72358
517500 3.72866
520000 3.73405
522500 3.73914
525000 3.74425
527500 3.74936
530000 3.75426
532500 3.75977
535000 3.76458
537500 3.76937
540000 3.77476
542500 3.78022
545000 3.78545
547500 3.79095
550000 3.7955
552500 3.79993
555000 3.80481
557500 3.8095
560000 3.81418
562500 3.81914
565000 3.82384
567500 3.82871
570000 3.83356
572500 3.83828
575000 3.84295
577500 3.84782
580000 3.8527
582500 3.8575
585000 3.86231
587500 3.86699
590000 3.87182
592500 3.87623
595000 3.88083
597500 3.8854
600000 3.88994
602500 3.89469
605000 3.8991
607500 3.90367
610000 3.90804
612500 3.91298
615000 3.91751
617500 3.92187
620000 3.92658
622500 3.93109
625000 3.9352
627500 3.9396
630000 3.94384
632500 3.94837
635000 3.95243
637500 3.95644
640000 3.96074
642500 3.95942
645000 3.95503
647500 3.95108
650000 3.94715
652500 3.94315
655000 3.93881
657500 3.93449
660000 3.93024
662500 3.92568
665000 3.9209
667500 3.91632
670000 3.91209
672500 3.90741
675000 3.90309
677500 3.89862
680000 3.8942
682500 3.88958
685000 3.88492
687500 3.88026
690000 3.87608
692500 3.87131
695000 3.8663
697500 3.86173
700000 3.85726
702500 3.8527
705000 3.84774
707500 3.84319
710000 3.8387
712500 3.834
715000 3.82953
717500 3.82467
720000 3.82013
722500 3.81559
725000 3.81104
727500 3.8063
730000 3.80123
732500 3.79669
735000 3.79211
737500 3.78737
740000 3.78233
742500 3.7775
745000 3.77278
747500 3.76794
750000 3.76331
752500 3.7585
755000 3.75342
757500 3.74814
760000 3.74291
762500 3.73863
765000 3.73432
767500 3.72961
770000 3.72494
772500 3.7203
775000 3.71537
777500 3.71037
780000 3.70553
782500 3.70062
785000 3.69558
787500 3.69047
790000 3.68567
792500 3.68057
795000 3.67531
797500 3.67017
800000 3.66517
802500 3.6597
805000 3.65437
807500 3.64936
810000 3.64475
812500 3.63956
815000 3.63485
817500 3.62968
820000 3.62479
822500 3.61988
825000 3.61462
827500 3.60964
830000 3.60505
832500 3.5998
835000 3.59451
837500 3.5892
840000 3.58456
842500 3.57962
845000 3.5749
847500 3.57006
850000 3.56512
852500 3.56011
855000 3.55496
857500 3.54961
860000 3.54447
862500 3.53929
865000 3.5341
867500 3.52919
870000 3.52428
872500 3.51879
875000 3.51378
877500 3.50841
880000 3.50344
882500 3.4984
885000 3.4937
887500 3.48822
890000 3.4828
892500 3.47787
895000 3.47266
897500 3.46766
900000 3.46265
902500 3.45766
905000 3.45248
907500 3.44784
910000 3.4428
912500 3.43734
915000 3.43226
917500 3.427
920000 3.42178
922500 3.41677
925000 3.41104
927500 3.40598
930000 3.40061
932500 3.3953
935000 3.39009
937500 3.38455
940000 3.37955
942500 3.37386
945000 3.36853
947500 3.36333
950000 3.35822
952500 3.35274
955000 3.34757
957500 3.34231
960000 3.33711
962500 3.33161
965000 3.32677
967500 3.32188
970000 3.32344
972500 3.32869
975000 3.33342
977500 3.33871
980000 3.34366
982500 3.34859
985000 3.35354
987500 3.35836
990000 3.36314
992500 3.36763
995000 3.37274
997500 3.3778
1e+06 3.38226
