# time  DeltaF
2500 19.9259
5000 -0.759357
7500 11.5768
10000 17.6219
12500 20.1932
15000 10.905
17500 5.15553
20000 1.32797
22500 -1.42719
25000 0.897187
27500 4.1185
30000 6.48247
32500 8.60692
35000 10.4063
37500 11.8026
40000 13.1311
42500 14.2406
45000 15.3536
47500 16.3059
50000 17.0864
52500 17.8729
55000 16.1797
57500 13.5721
60000 11.5039
62500 9.72612
65000 8.12139
67500 6.83814
70000 5.54211
72500 4.23581
75000 3.17159
77500 2.22632
80000 1.30874
82500 0.457365
85000 -0.302455
87500 -0.929619
90000 -1.57677
92500 -1.29869
95000 -0.0520372
97500 0.908781
100000 1.88695
102500 2.7263
105000 3.55536
107500 4.22779
110000 4.87981
112500 5.61183
115000 6.26142
117500 6.83253
120000 7.44603
122500 8.01148
125000 8.51728
127500 9.03247
130000 9.56511
132500 9.94017
135000 10.4802
137500 10.8921
140000 11.2936
142500 11.6336
145000 12.0107
147500 12.4782
150000 12.719
152500 13.0929
155000 13.0314
157500 12.0974
160000 11.2955
162500 10.5915
165000 9.8672
167500 9.21009
170000 8.66617
172500 8.04163
175000 7.4579
177500 6.92617
180000 6.37352
182500 5.86984
185000 5.40459
187500 4.96424
190000 4.4699
192500 4.09451
195000 3.69263
197500 3.34183
200000 2.98384
202500 2.62153
205000 2.26437
207500 1.93489
210000 1.60845
212500 1.29759
215000 0.961564
217500 0.654999
220000 0.366934
222500 0.0838325
225000 -0.218524
227500 -0.504444
230000 -0.743989
232500 -0.996251
235000 -1.23536
237500 -1.32565
240000 -0.76213
242500 -0.280653
245000 0.182823
247500 0.621378
250000 1.03956
252500 1.4331
255000 1.79371
257500 2.1611
260000 2.47939
262500 2.80489
265000 3.08906
267500 3.34897
270000 3.64505
272500 3.90807
275000 4.19805
277500 4.46395
280000 4.70945
282500 5.01983
285000 5.25568
287500 5.48119
290000 5.68101
292500 5.90669
295000 6.15898
297500 6.42758
300000 6.65308
302500 6.87082
305000 7.08668
307500 7.28744
310000 7.4523
312500 7.66542
315000 7.90711
317500 8.10477
320000 8.29671
322500 8.49943
325000 8.67083
327500 8.84224
330000 9.01905
332500 9.21417
335000 9.38991
337500 9.56377
340000 9.74571
342500 9.94316
345000 10.1028
347500 10.2595
350000 10.4315
352500 10.5838
355000 10.8305
357500 11.0041
360000 11.0936
362500 11.2916
365000 11.3813
367500 11.5361
370000 11.6789
372500 11.8484
375000 11.8853
377500 12.1448
380000 12.2985
382500 12.4374
385000 12.5774
387500 12.7141
390000 12.8065
392500 12.9165
395000 13.0475
397500 13.2071
400000 13.3715
402500 13.5043
405000 13.7247
407500 13.7941
410000 13.9572
412500 13.9808
415000 14.1144
417500 14.2456
420000 14.3644
422500 14.4704
425000 14.5011
427500 14.6311
430000 14.7924
432500 14.9646
435000 14.9817
437500 15.1719
440000 15.3214
442500 15.4273
445000 15.5839
447500 15.657
450000 15.7184
452500 15.8398
455000 15.7188
457500 15.8996
460000 15.983
462500 16.1682
465000 16.3864
467500 16.3129
470000 16.5049
472500 16.4884
475000 16.5859
477500 16.6884
480000 16.7623
482500 16.859
485000 16.8727
487500 17.0653
490000 17.0155
492500 17.2265
495000 17.2041
497500 17.2846
500000 17.3688
502500 17.3921
505000 17.5295
507500 17.5891
510000 17.6923
512500 17.8929
515000 17.9788
517500 17.9276
520000 17.6496
522500 17.3002
525000 16.8766
527500 16.6706
530000 16.4208
532500 16.0534
535000 15.7604
537500 15.3537
540000 15.1274
542500 14.8062
545000 14.5405
547500 14.2861
550000 14.0393
552500 13.8356
555000 13.6481
557500 13.4902
560000 13.2287
562500 13.0238
565000 12.7931
567500 12.5149
570000 12.2576
572500 12.0501
575000 11.8688
577500 11.6717
580000 11.4467
582500 11.2508
585000 11.0499
587500 10.851
590000 10.6663
592500 10.5641
595000 10.3654
597500 10.2087
600000 10.0179
602500 9.82799
605000 9.66887
607500 9.49289
610000 9.30539
612500 9.12555
615000 8.98124
617500 8.81637
620000 8.6103
622500 8.4599
625000 8.34292
627500 8.19571
630000 8.04031
632500 7.87456
635000 7.70415
637500 7.58693
640000 7.45887
642500 7.26057
645000 7.11924
647500 6.95679
650000 6.81771
652500 6.67146
655000 6.52681
657500 6.39618
660000 6.25371
662500 6.12833
665000 6.01321
667500 5.87647
670000 5.7857
672500 5.61479
675000 5.51087
677500 5.34991
680000 5.22742
682500 5.12471
685000 5.004
687500 4.87486
690000 4.76284
692500 4.64363
695000 4.52742
697500 4.4213
700000 4.30376
702500 4.17318
705000 4.06677
707500 3.9818
710000 3.85648
712500 3.76113
715000 3.67414
717500 3.56837
720000 3.46744
722500 3.34563
725000 3.2604
727500 3.14243
730000 3.05022
732500 2.95114
735000 2.8547
737500 2.76274
740000 2.67541
742500 2.5831
745000 2.4992
747500 2.41448
750000 2.32796
752500 2.234
755000 2.14017
757500 2.05025
760000 1.97425
762500 1.88542
765000 1.79573
767500 1.7066
770000 1.61659
772500 1.53668
775000 1.4582
777500 1.38045
780000 1.28484
782500 1.2001
785000 1.11125
787500 1.03288
790000 0.95063
792500 0.871123
795000 0.792645
797500 0.71953
800000 0.647756
802500 0.572183
805000 0.484793
807500 0.409636
810000 0.335599
812500 0.431237
815000 0.563354
817500 0.68671
820000 0.811059
822500 0.923824
825000 1.04632
827500 1.16214
830000 1.28234
832500 1.39215
835000 1.50166
837500 1.60613
840000 1.7115
842500 1.8128
845000 1.91638
847500 2.02487
850000 2.12951
852500 2.23093
855000 2.33324
857500 2.42482
860000 2.5335
862500 2.62911
865000 2.72766
867500 2.83079
870000 2.91629
872500 3.00196
875000 3.09499
877500 3.18784
880000 3.28107
882500 3.37742
885000 3.46348
887500 3.5463
890000 3.63618
892500 3.72091
895000 3.80613
897500 3.89378
900000 3.98176
902500 4.05951
905000 4.13923
907500 4.21986
910000 4.31013
912500 4.38899
915000 4.472
917500 4.55913
920000 4.63066
922500 4.71439
925000 4.79423
927500 4.87535
930000 4.94539
932500 5.01694
935000 5.08777
937500 5.16191
940000 5.2414
942500 5.31365
945000 5.38522
947500 5.45601
950000 5.53895
952500 5.59686
955000 5.66699
957500 5.73582
960000 5.807
962500 5.87582
965000 5.94766
967500 6.02072
970000 6.08672
972500 6.16059
975000 6.21987
977500 6.28697
980000 6.35477
982500 6.4201
985000 6.48596
987500 6.54825
990000 6.61042
992500 6.67762
995000 6.74759
997500 6.81053
1e+06 6.86963
