# time  DeltaF
2500 8.45276
5000 6.30576
7500 6.40303
10000 6.95085
12500 7.41121
15000 7.42905
17500 7.40165
20000 7.24605
22500 6.75201
25000 6.54667
27500 6.55029
30000 6.56574
32500 6.60871
35000 6.67091
37500 6.75815
40000 6.88266
42500 7.02077
45000 7.23455
47500 7.47116
50000 7.66034
52500 7.8618
55000 7.93294
57500 7.93273
60000 7.93212
62500 7.93
65000 7.92323
67500 7.91012
70000 7.88108
72500 7.83223
75000 7.73943
77500 7.6074
80000 7.4186
82500 7.21083
85000 7.00098
87500 6.82761
90000 6.60572
92500 6.46441
95000 6.46457
97500 6.46492
100000 6.46548
102500 6.46645
105000 6.46764
107500 6.46893
110000 6.4714
112500 6.47479
115000 6.47941
117500 6.48524
120000 6.49293
122500 6.50201
125000 6.51584
127500 6.52734
130000 6.54106
132500 6.56103
135000 6.58875
137500 6.61803
140000 6.65279
142500 6.68253
145000 6.70798
147500 6.74331
150000 6.78991
152500 6.84062
155000 6.87568
157500 6.87545
160000 6.87505
162500 6.87445
165000 6.87357
167500 6.87231
170000 6.8706
172500 6.8678
175000 6.86408
177500 6.85804
180000 6.85135
182500 6.84331
185000 6.83418
187500 6.82262
190000 6.8051
192500 6.7889
195000 6.76868
197500 6.74818
200000 6.72365
202500 6.6956
205000 6.6639
207500 6.62285
210000 6.56413
212500 6.50369
215000 6.4456
217500 6.39665
220000 6.35129
222500 6.30418
225000 6.23954
227500 6.16632
230000 6.10596
232500 6.03815
235000 5.96673
237500 5.92239
240000 5.92246
242500 5.92257
245000 5.92269
247500 5.92287
250000 5.92308
252500 5.92333
255000 5.92363
257500 5.924
260000 5.92439
262500 5.92492
265000 5.92543
267500 5.92598
270000 5.92683
272500 5.92796
275000 5.92943
277500 5.93098
280000 5.93221
282500 5.93384
285000 5.936
287500 5.93828
290000 5.94048
292500 5.94223
295000 5.94437
297500 5.94732
300000 5.95148
302500 5.95498
305000 5.95907
307500 5.96364
310000 5.96865
312500 5.97433
315000 5.98045
317500 5.98693
320000 5.99397
322500 6.002
325000 6.00943
327500 6.01718
330000 6.02608
332500 6.03562
335000 6.04495
337500 6.05462
340000 6.0657
342500 6.07861
345000 6.08992
347500 6.10123
350000 6.11463
352500 6.12827
355000 6.14868
357500 6.17473
360000 6.19819
362500 6.22262
365000 6.24315
367500 6.259
370000 6.27633
372500 6.29542
375000 6.31312
377500 6.33169
380000 6.34971
382500 6.36852
385000 6.38916
387500 6.40897
390000 6.42901
392500 6.45099
395000 6.47153
397500 6.49287
400000 6.51281
402500 6.53559
405000 6.56533
407500 6.59628
410000 6.62942
412500 6.65526
415000 6.68018
417500 6.70336
420000 6.72559
422500 6.74926
425000 6.77396
427500 6.79651
430000 6.81846
432500 6.84195
435000 6.86386
437500 6.88652
440000 6.92016
442500 6.95858
445000 6.99388
447500 7.03017
450000 7.06271
452500 7.09506
455000 7.12316
457500 7.13922
460000 7.15838
462500 7.17955
465000 7.20768
467500 7.23919
470000 7.26335
472500 7.28996
475000 7.30693
477500 7.32604
480000 7.34452
482500 7.36324
485000 7.37931
487500 7.39606
490000 7.41232
492500 7.42924
495000 7.44798
497500 7.46035
500000 7.47193
502500 7.48419
505000 7.49817
507500 7.51277
510000 7.52502
512500 7.54265
515000 7.56503
517500 7.57975
520000 7.58043
522500 7.58043
525000 7.58042
527500 7.58042
530000 7.58041
532500 7.5804
535000 7.58039
537500 7.58038
540000 7.58037
542500 7.58036
545000 7.58034
547500 7.58032
550000 7.5803
552500 7.58028
555000 7.58024
557500 7.58019
560000 7.58013
562500 7.58006
565000 7.57997
567500 7.57989
570000 7.57982
572500 7.57974
575000 7.57964
577500 7.57953
580000 7.5794
582500 7.57927
585000 7.57911
587500 7.57894
590000 7.57872
592500 7.57846
595000 7.5781
597500 7.57769
600000 7.57724
602500 7.57678
605000 7.57627
607500 7.57571
610000 7.57501
612500 7.57425
615000 7.57357
617500 7.57267
620000 7.5719
622500 7.57118
625000 7.57037
627500 7.56932
630000 7.56796
632500 7.56678
635000 7.56558
637500 7.56429
640000 7.56265
642500 7.56098
645000 7.55951
647500 7.55772
650000 7.55603
652500 7.55414
655000 7.55213
657500 7.5502
660000 7.54797
662500 7.54514
665000 7.54241
667500 7.53952
670000 7.53644
672500 7.53231
675000 7.52883
677500 7.52415
680000 7.52071
682500 7.51564
685000 7.50994
687500 7.50376
690000 7.49766
692500 7.49123
695000 7.48459
697500 7.47776
700000 7.47015
702500 7.46429
705000 7.45881
707500 7.4518
710000 7.44486
712500 7.43823
715000 7.42973
717500 7.41996
720000 7.41053
722500 7.40156
725000 7.39097
727500 7.38222
730000 7.37058
732500 7.35864
735000 7.34657
737500 7.33522
740000 7.32343
742500 7.31126
745000 7.3001
747500 7.28791
750000 7.2756
752500 7.26469
755000 7.2521
757500 7.23944
760000 7.23027
762500 7.21738
765000 7.20313
767500 7.18871
770000 7.17375
772500 7.16002
775000 7.1449
777500 7.13009
780000 7.11175
782500 7.09474
785000 7.07921
787500 7.06833
790000 7.05367
792500 7.04109
795000 7.02328
797500 7.00626
800000 6.98957
802500 6.97146
805000 6.95058
807500 6.9322
810000 6.91542
812500 6.9113
815000 6.91135
817500 6.91139
820000 6.91144
822500 6.91148
825000 6.91154
827500 6.91159
830000 6.91166
832500 6.91172
835000 6.91179
837500 6.91185
840000 6.91193
842500 6.912
845000 6.91208
847500 6.91217
850000 6.91226
852500 6.91236
855000 6.91246
857500 6.91257
860000 6.91269
862500 6.91281
865000 6.91293
867500 6.91307
870000 6.9132
872500 6.91334
875000 6.91348
877500 6.91364
880000 6.91381
882500 6.91398
885000 6.91416
887500 6.91434
890000 6.91454
892500 6.91474
895000 6.91495
897500 6.91519
900000 6.91542
902500 6.91565
905000 6.91588
907500 6.91613
910000 6.91642
912500 6.91669
915000 6.91699
917500 6.9173
920000 6.91761
922500 6.91795
925000 6.91828
927500 6.91864
930000 6.91899
932500 6.91933
935000 6.91969
937500 6.92009
940000 6.92051
942500 6.92092
945000 6.92135
947500 6.92178
950000 6.92224
952500 6.92269
955000 6.92316
957500 6.92365
960000 6.92416
962500 6.92469
965000 6.92526
967500 6.92588
970000 6.92645
972500 6.92701
975000 6.92764
977500 6.92828
980000 6.92893
982500 6.92959
985000 6.93026
987500 6.93093
990000 6.93162
992500 6.93237
995000 6.93321
997500 6.93395
1e+06 6.93469
