# time  DeltaF
2500 12.2141
5000 17.224
7500 -1.45006
10000 4.40156
12500 12.5944
15000 18.3136
17500 22.3022
20000 18.4404
22500 10.686
25000 5.50119
27500 1.39382
30000 -1.67798
32500 -0.447146
35000 3.24579
37500 6.03569
40000 8.5778
42500 10.7621
45000 12.7045
47500 14.5203
50000 16.1058
52500 17.6829
55000 19.0392
57500 20.2492
60000 21.3926
62500 18.2776
65000 15.4781
67500 12.9669
70000 10.7866
72500 8.93317
75000 7.22059
77500 5.65967
80000 4.14612
82500 2.75012
85000 1.56057
87500 0.35575
90000 1.05681
92500 2.35876
95000 3.61347
97500 4.78208
100000 5.8597
102500 6.80094
105000 7.68161
107500 8.56528
110000 9.43443
112500 10.2746
115000 11.0574
117500 11.8202
120000 12.5077
122500 13.2168
125000 13.9013
127500 14.5192
130000 15.1683
132500 15.7567
135000 16.3484
137500 16.9569
140000 17.4758
142500 17.6321
145000 16.3336
147500 15.0929
150000 13.9239
152500 12.861
155000 11.882
157500 10.9886
160000 10.0451
162500 9.22931
165000 8.44286
167500 7.641
170000 6.92962
172500 6.18176
175000 5.52415
177500 4.87721
180000 4.23871
182500 3.64242
185000 3.07242
187500 2.49839
190000 1.93596
192500 1.42035
195000 0.904594
197500 0.406757
200000 -0.0543592
202500 0.322591
205000 0.896194
207500 1.49489
210000 2.06683
212500 2.61446
215000 3.174
217500 3.67778
220000 4.20387
222500 4.70609
225000 5.17802
227500 5.62575
230000 6.05605
232500 6.47737
235000 6.89617
237500 7.33788
240000 7.72696
242500 8.13659
245000 8.53382
247500 8.93038
250000 9.3036
252500 9.65261
255000 10.0101
257500 10.3666
260000 10.7159
262500 11.0528
265000 11.39
267500 11.6892
270000 12.0066
272500 12.3278
275000 12.6356
277500 12.9431
280000 13.2556
282500 13.5299
285000 13.8352
287500 14.1127
290000 14.3967
292500 14.6613
295000 14.9469
297500 15.2117
300000 15.4855
302500 15.7333
305000 15.9973
307500 16.2474
310000 16.4865
312500 16.7322
315000 16.9991
317500 17.2581
320000 17.4979
322500 17.7302
325000 17.9663
327500 17.9728
330000 17.3782
332500 16.7908
335000 16.2106
337500 15.6771
340000 15.16
342500 14.6688
345000 14.1597
347500 13.6923
350000 13.2324
352500 12.8179
355000 12.3664
357500 11.9292
360000 11.5392
362500 11.1279
365000 10.7405
367500 10.3552
370000 9.97252
372500 9.58841
375000 9.21671
377500 8.87611
380000 8.52047
382500 8.19854
385000 7.85607
387500 7.53042
390000 7.22199
392500 6.90983
395000 6.60935
397500 6.31477
400000 5.99897
402500 5.70298
405000 5.40498
407500 5.14213
410000 4.85273
412500 4.57092
415000 4.28765
417500 4.03299
420000 3.77517
422500 3.53256
425000 3.28686
427500 3.02567
430000 2.76785
432500 2.52909
435000 2.28908
437500 2.04293
440000 1.79613
442500 1.56333
445000 1.3637
447500 1.11226
450000 0.898814
452500 0.980587
455000 1.25055
457500 1.51631
460000 1.76037
462500 2.02175
465000 2.28277
467500 2.53699
470000 2.78188
472500 3.01069
475000 3.2574
477500 3.48505
480000 3.7222
482500 3.96355
485000 4.19225
487500 4.43004
490000 4.63503
492500 4.85358
495000 5.08171
497500 5.28787
500000 5.50761
502500 5.71205
505000 5.92715
507500 6.13108
510000 6.34175
512500 6.53076
515000 6.72665
517500 6.92548
520000 7.11093
522500 7.30469
525000 7.47386
527500 7.65497
530000 7.83585
532500 8.01551
535000 8.18821
537500 8.36176
540000 8.53636
542500 8.70723
545000 8.87622
547500 9.05193
550000 9.22228
552500 9.38986
555000 9.55721
557500 9.71146
560000 9.8776
562500 10.0387
565000 10.1878
567500 10.34
570000 10.4887
572500 10.6365
575000 10.7894
577500 10.9427
580000 11.0915
582500 11.2295
585000 11.3781
587500 11.5338
590000 11.6788
592500 11.8306
595000 11.9863
597500 12.1148
600000 12.2609
602500 12.3981
605000 12.542
607500 12.6855
610000 12.8235
612500 12.9752
615000 13.1143
617500 13.2526
620000 13.3875
622500 13.5197
625000 13.649
627500 13.7701
630000 13.8999
632500 14.0364
635000 14.1668
637500 14.2998
640000 14.4283
642500 14.4146
645000 14.1528
647500 13.8962
650000 13.634
652500 13.3814
655000 13.1243
657500 12.8932
660000 12.6496
662500 12.4154
665000 12.1917
667500 11.9734
670000 11.7447
672500 11.5281
675000 11.2988
677500 11.0744
680000 10.8557
682500 10.6387
685000 10.4269
687500 10.2277
690000 10.0196
692500 9.81299
695000 9.62
697500 9.42354
700000 9.23496
702500 9.03752
705000 8.84339
707500 8.66381
710000 8.48426
712500 8.30701
715000 8.12776
717500 7.93469
720000 7.77128
722500 7.60173
725000 7.4188
727500 7.24668
730000 7.08518
732500 6.91497
735000 6.7648
737500 6.58668
740000 6.43552
742500 6.27977
745000 6.11259
747500 5.95634
750000 5.80465
752500 5.64582
755000 5.49194
757500 5.33656
760000 5.18803
762500 5.0294
765000 4.87389
767500 4.71459
770000 4.57375
772500 4.43495
775000 4.28686
777500 4.15052
780000 4.02273
782500 3.87965
785000 3.74785
787500 3.60258
790000 3.47452
792500 3.34001
795000 3.20537
797500 3.20648
800000 3.34731
802500 3.47499
805000 3.61878
807500 3.76316
810000 3.91095
812500 4.04725
815000 4.19216
817500 4.34208
820000 4.47133
822500 4.60599
825000 4.73854
827500 4.87056
830000 4.98808
832500 5.12341
835000 5.2512
837500 5.38809
840000 5.51726
842500 5.64149
845000 5.76176
847500 5.87726
850000 5.99945
852500 6.12217
855000 6.24123
857500 6.35991
860000 6.47653
862500 6.5946
865000 6.71055
867500 6.82505
870000 6.94639
872500 7.05775
875000 7.16831
877500 7.28357
880000 7.3982
882500 7.51305
885000 7.62204
887500 7.73146
890000 7.83733
892500 7.94788
895000 8.04862
897500 8.14396
900000 8.24632
902500 8.35226
905000 8.45989
907500 8.5612
910000 8.65909
912500 8.76261
915000 8.86746
917500 8.96357
920000 9.06457
922500 9.16529
925000 9.26278
927500 9.36092
930000 9.46048
932500 9.55412
935000 9.652
937500 9.75037
940000 9.84437
942500 9.93967
945000 10.0359
947500 10.1335
950000 10.2188
952500 10.3152
955000 10.4118
957500 10.5082
960000 10.6001
962500 10.6926
965000 10.7838
967500 10.8803
970000 10.975
972500 11.0589
975000 11.1489
977500 11.2339
980000 11.3233
982500 11.4152
985000 11.5111
987500 11.5995
990000 11.6817
992500 11.7701
995000 11.8528
997500 11.944
1e+06 12.0248
