# time  DeltaF
2500 6.51901
5000 8.44005
7500 6.26771
10000 6.27769
12500 6.40952
15000 6.74708
17500 7.22099
20000 7.5861
22500 7.5844
25000 7.55948
27500 7.45254
30000 7.19716
32500 6.74473
35000 6.2704
37500 6.27072
40000 6.27188
42500 6.27643
45000 6.28907
47500 6.31085
50000 6.34341
52500 6.4045
55000 6.52285
57500 6.6856
60000 6.83171
62500 6.9586
65000 7.08448
67500 7.24135
70000 7.44548
72500 7.64983
75000 7.80668
77500 7.85218
80000 7.85196
82500 7.85151
85000 7.85052
87500 7.8479
90000 7.84419
92500 7.83659
95000 7.82145
97500 7.7984
100000 7.76636
102500 7.7269
105000 7.64339
107500 7.54404
110000 7.4187
112500 7.29109
115000 7.14213
117500 6.96597
120000 6.76523
122500 6.58505
125000 6.47441
127500 6.47455
130000 6.4747
132500 6.47493
135000 6.47539
137500 6.47582
140000 6.47647
142500 6.47734
145000 6.47886
147500 6.4808
150000 6.48314
152500 6.48589
155000 6.48909
157500 6.49337
160000 6.49921
162500 6.50655
165000 6.51416
167500 6.52272
170000 6.52932
172500 6.5355
175000 6.54249
177500 6.55012
180000 6.558
182500 6.56817
185000 6.57773
187500 6.5899
190000 6.60094
192500 6.6154
195000 6.63726
197500 6.66247
200000 6.68609
202500 6.71298
205000 6.73957
207500 6.7686
210000 6.78668
212500 6.80411
215000 6.82712
217500 6.84792
220000 6.8703
222500 6.88803
225000 6.88797
227500 6.88787
230000 6.88771
232500 6.88751
235000 6.88721
237500 6.88685
240000 6.88635
242500 6.8857
245000 6.88491
247500 6.88394
250000 6.88268
252500 6.88096
255000 6.87891
257500 6.87639
260000 6.87383
262500 6.87025
265000 6.86626
267500 6.86156
270000 6.856
272500 6.84757
275000 6.841
277500 6.83346
280000 6.82414
282500 6.81474
285000 6.80427
287500 6.79259
290000 6.78107
292500 6.76495
295000 6.74912
297500 6.73296
300000 6.71249
302500 6.68397
305000 6.65562
307500 6.62623
310000 6.59442
312500 6.56252
315000 6.52661
317500 6.49485
320000 6.46771
322500 6.4364
325000 6.39736
327500 6.388
330000 6.38814
332500 6.3883
335000 6.38851
337500 6.38874
340000 6.38907
342500 6.38939
345000 6.38975
347500 6.39015
350000 6.39061
352500 6.39118
355000 6.39177
357500 6.39247
360000 6.39315
362500 6.39381
365000 6.39461
367500 6.39541
370000 6.39642
372500 6.39739
375000 6.39853
377500 6.39975
380000 6.4011
382500 6.40236
385000 6.40392
387500 6.40551
390000 6.4072
392500 6.40932
395000 6.41136
397500 6.41357
400000 6.416
402500 6.41974
405000 6.42283
407500 6.42574
410000 6.42871
412500 6.43208
415000 6.43533
417500 6.43913
420000 6.44365
422500 6.44736
425000 6.45096
427500 6.4552
430000 6.45899
432500 6.46422
435000 6.47088
437500 6.47779
440000 6.48462
442500 6.49207
445000 6.4995
447500 6.50592
450000 6.51396
452500 6.52215
455000 6.53207
457500 6.54139
460000 6.54749
462500 6.55387
465000 6.5606
467500 6.56786
470000 6.57704
472500 6.5848
475000 6.59278
477500 6.60366
480000 6.61703
482500 6.6288
485000 6.64021
487500 6.65268
490000 6.6675
492500 6.68129
495000 6.69665
497500 6.71111
500000 6.72445
502500 6.73934
505000 6.75069
507500 6.76092
510000 6.77368
512500 6.78614
515000 6.79623
517500 6.80601
520000 6.82027
522500 6.83488
525000 6.8485
527500 6.86256
530000 6.87728
532500 6.89192
535000 6.90359
537500 6.9144
540000 6.92652
542500 6.93998
545000 6.95075
547500 6.96405
550000 6.97816
552500 6.98949
555000 7.00537
557500 7.02174
560000 7.03929
562500 7.05629
565000 7.07289
567500 7.09021
570000 7.09259
572500 7.09257
575000 7.09254
577500 7.0925
580000 7.09247
582500 7.09242
585000 7.09237
587500 7.09231
590000 7.09223
592500 7.09214
595000 7.09204
597500 7.09193
600000 7.09182
602500 7.09169
605000 7.09155
607500 7.09139
610000 7.0912
612500 7.09099
615000 7.09075
617500 7.0905
620000 7.09023
622500 7.08993
625000 7.08962
627500 7.08926
630000 7.08889
632500 7.08841
635000 7.0879
637500 7.0874
640000 7.0869
642500 7.08617
645000 7.0855
647500 7.08482
650000 7.08411
652500 7.08329
655000 7.08231
657500 7.08095
660000 7.07997
662500 7.07867
665000 7.07715
667500 7.07537
670000 7.07352
672500 7.07159
675000 7.0698
677500 7.06811
680000 7.06621
682500 7.06431
685000 7.0618
687500 7.059
690000 7.0561
692500 7.0531
695000 7.04948
697500 7.04641
700000 7.04259
702500 7.03889
705000 7.03569
707500 7.03238
710000 7.02912
712500 7.02438
715000 7.01928
717500 7.01581
720000 7.01116
722500 7.0054
725000 6.99966
727500 6.99302
730000 6.98599
732500 6.97877
735000 6.97288
737500 6.96688
740000 6.9612
742500 6.95379
745000 6.94607
747500 6.93705
750000 6.92945
752500 6.92209
755000 6.91376
757500 6.90393
760000 6.89317
762500 6.88331
765000 6.87388
767500 6.86536
770000 6.85519
772500 6.84464
775000 6.8318
777500 6.81894
780000 6.80621
782500 6.79437
785000 6.78253
787500 6.76867
790000 6.75484
792500 6.73879
795000 6.72597
797500 6.71027
800000 6.69455
802500 6.67785
805000 6.6623
807500 6.646
810000 6.62917
812500 6.61122
815000 6.59401
817500 6.57888
820000 6.56257
822500 6.54546
825000 6.52718
827500 6.51041
830000 6.49231
832500 6.47154
835000 6.45076
837500 6.42935
840000 6.40383
842500 6.38429
845000 6.36371
847500 6.34395
850000 6.33612
852500 6.3362
855000 6.33628
857500 6.33637
860000 6.33647
862500 6.33659
865000 6.3367
867500 6.33682
870000 6.33694
872500 6.33707
875000 6.3372
877500 6.33736
880000 6.3375
882500 6.33766
885000 6.33782
887500 6.33794
890000 6.33809
892500 6.33826
895000 6.33843
897500 6.33867
900000 6.33894
902500 6.33924
905000 6.33952
907500 6.33984
910000 6.34018
912500 6.34053
915000 6.34085
917500 6.34124
920000 6.34164
922500 6.342
925000 6.34229
927500 6.3426
930000 6.34293
932500 6.34326
935000 6.34368
937500 6.34426
940000 6.34469
942500 6.34511
945000 6.34551
947500 6.34596
950000 6.34643
952500 6.34687
955000 6.34733
957500 6.34781
960000 6.34842
962500 6.3491
965000 6.34982
967500 6.35064
970000 6.35145
972500 6.3523
975000 6.35313
977500 6.35406
980000 6.35503
982500 6.35597
985000 6.3569
987500 6.35785
990000 6.35871
992500 6.35965
995000 6.36065
997500 6.36161
1e+06 6.36265
