# time  DeltaF
2500 12.5937
5000 15.8639
7500 -1.1784
10000 4.00073
12500 11.3315
15000 16.5553
17500 20.219
20000 21.3101
22500 13.7833
25000 8.07724
27500 3.89674
30000 0.645604
32500 -0.805515
35000 2.50466
37500 5.12321
40000 7.44852
42500 9.45562
45000 11.2833
47500 12.8793
50000 14.3302
52500 15.6937
55000 16.9683
57500 18.1141
60000 19.1193
62500 19.9898
65000 19.4277
67500 16.6116
70000 14.1712
72500 12.0602
75000 10.1995
77500 8.53287
80000 6.97641
82500 5.63208
85000 4.31528
87500 3.14646
90000 2.04879
92500 1.07171
95000 0.182916
97500 -0.612759
100000 -1.13435
102500 0.0498592
105000 1.10969
107500 2.11519
110000 3.10152
112500 3.99031
115000 4.82243
117500 5.60077
120000 6.37099
122500 7.12352
125000 7.83586
127500 8.513
130000 9.15826
132500 9.76147
135000 10.3468
137500 10.9195
140000 11.4755
142500 12.0417
145000 12.5521
147500 13.0483
150000 13.5608
152500 14.0235
155000 14.4869
157500 14.9037
160000 15.3302
162500 15.7741
165000 16.2077
167500 16.6184
170000 16.9913
172500 17.3727
175000 17.7592
177500 18.1148
180000 18.46
182500 18.8073
185000 19.1219
187500 18.8836
190000 17.8976
192500 16.9305
195000 16.0135
197500 15.1718
200000 14.3739
202500 13.5684
205000 12.8272
207500 12.1157
210000 11.4514
212500 10.7834
215000 10.149
217500 9.56214
220000 8.97024
222500 8.42507
225000 7.88628
227500 7.35396
230000 6.83843
232500 6.33368
235000 5.86721
237500 5.40135
240000 4.93339
242500 4.50929
245000 4.07733
247500 3.67357
250000 3.28884
252500 2.87219
255000 2.48421
257500 2.12226
260000 1.74486
262500 1.40841
265000 1.05904
267500 0.718908
270000 0.389254
272500 0.0824039
275000 -0.221428
277500 -0.504037
280000 -0.796345
282500 -1.06878
285000 -1.36414
287500 -1.0413
290000 -0.633118
292500 -0.239713
295000 0.128679
297500 0.523562
300000 0.907784
302500 1.28314
305000 1.62151
307500 1.97342
310000 2.32832
312500 2.67107
315000 2.99034
317500 3.32232
320000 3.63199
322500 3.91925
325000 4.21321
327500 4.51
330000 4.79966
332500 5.07993
335000 5.36039
337500 5.61499
340000 5.86691
342500 6.1452
345000 6.42222
347500 6.67746
350000 6.93305
352500 7.1758
355000 7.42546
357500 7.66585
360000 7.90647
362500 8.13179
365000 8.35996
367500 8.57185
370000 8.78902
372500 9.01433
375000 9.2338
377500 9.44286
380000 9.65471
382500 9.86674
385000 10.0739
387500 10.2918
390000 10.5027
392500 10.7019
395000 10.9022
397500 11.0823
400000 11.2846
402500 11.4778
405000 11.6658
407500 11.8579
410000 12.0492
412500 12.2325
415000 12.4091
417500 12.5921
420000 12.7767
422500 12.9558
425000 13.13
427500 13.3051
430000 13.4686
432500 13.6333
435000 13.7999
437500 13.9686
440000 14.1328
442500 14.3104
445000 14.472
447500 14.6263
450000 14.7805
452500 14.9349
455000 15.0845
457500 15.2388
460000 15.3894
462500 15.54
465000 15.6816
467500 15.8252
470000 15.9754
472500 16.1216
475000 16.274
477500 16.0131
480000 15.6444
482500 15.2811
485000 14.9273
487500 14.5843
490000 14.251
492500 13.9131
495000 13.6092
497500 13.2971
500000 12.9774
502500 12.7029
505000 12.4212
507500 12.132
510000 11.8392
512500 11.5624
515000 11.2861
517500 11.0158
520000 10.7574
522500 10.5002
525000 10.2421
527500 9.99959
530000 9.75683
532500 9.52801
535000 9.30449
537500 9.06505
540000 8.83073
542500 8.5979
545000 8.3813
547500 8.15051
550000 7.92552
552500 7.70907
555000 7.50083
557500 7.28982
560000 7.07644
562500 6.8753
565000 6.67729
567500 6.47294
570000 6.27086
572500 6.08272
575000 5.89278
577500 5.71651
580000 5.53031
582500 5.34413
585000 5.16289
587500 4.98349
590000 4.80206
592500 4.62021
595000 4.45186
597500 4.27174
600000 4.09246
602500 3.92174
605000 3.77472
607500 3.60273
610000 3.44708
612500 3.28136
615000 3.1242
617500 2.96987
620000 2.81919
622500 2.6613
625000 2.50491
627500 2.34611
630000 2.20508
632500 2.0539
635000 1.90393
637500 1.74794
640000 1.61982
642500 1.46383
645000 1.32007
647500 1.1843
650000 1.03528
652500 0.911812
655000 0.780488
657500 0.868983
660000 1.04067
662500 1.20395
665000 1.39069
667500 1.54507
670000 1.70942
672500 1.87663
675000 2.03182
677500 2.19488
680000 2.35251
682500 2.50841
685000 2.6633
687500 2.83096
690000 2.98831
692500 3.13082
695000 3.27248
697500 3.41675
700000 3.55996
702500 3.70355
705000 3.84274
707500 3.98595
710000 4.11838
712500 4.25828
715000 4.40252
717500 4.53257
720000 4.66167
722500 4.79158
725000 4.92073
727500 5.05034
730000 5.17942
732500 5.30596
735000 5.42935
737500 5.54607
740000 5.68426
742500 5.80353
745000 5.93573
747500 6.05469
750000 6.17484
752500 6.29401
755000 6.41748
757500 6.52797
760000 6.64854
762500 6.76271
765000 6.87851
767500 6.99165
770000 7.09967
772500 7.21429
775000 7.32089
777500 7.43273
780000 7.54643
782500 7.6577
785000 7.7624
787500 7.87633
790000 7.98543
792500 8.08693
795000 8.18808
797500 8.29271
800000 8.39548
802500 8.50077
805000 8.60165
807500 8.70831
810000 8.81294
812500 8.91675
815000 9.01655
817500 9.1152
820000 9.21766
822500 9.31214
825000 9.40809
827500 9.50653
830000 9.60134
832500 9.69275
835000 9.7906
837500 9.88862
840000 9.9845
842500 10.0759
845000 10.17
847500 10.2597
850000 10.3589
852500 10.4528
855000 10.5413
857500 10.6312
860000 10.7269
862500 10.8174
865000 10.9046
867500 10.9937
870000 11.0851
872500 11.1734
875000 11.2622
877500 11.3504
880000 11.44
882500 11.5273
885000 11.6181
887500 11.7064
890000 11.7872
892500 11.873
895000 11.9581
897500 12.0422
900000 12.1259
902500 12.2148
905000 12.2924
907500 12.3777
910000 12.4559
912500 12.5388
915000 12.6212
917500 12.6983
920000 12.7765
922500 12.8587
925000 12.937
927500 13.0176
930000 13.0977
932500 13.1748
935000 13.2549
937500 13.3354
940000 13.4119
942500 13.4875
945000 13.5654
947500 13.6447
950000 13.7241
952500 13.8013
955000 13.7739
957500 13.6031
960000 13.4367
962500 13.275
965000 13.1005
967500 12.9423
970000 12.7758
972500 12.6201
975000 12.4622
977500 12.3047
980000 12.1524
982500 12.0132
985000 11.868
987500 11.7192
990000 11.5697
992500 11.4258
995000 11.2741
997500 11.1385
1e+06 10.9958
